
#$Filter:none
#$	0	1	 1
#$	1	op06	0.251188643150958
#$	2	op09*op09	0.015848931924611138
#$	3	op18*op18*op18	3.9810717055349725e-06
#$	4	ns12	1e-7
#$	5	0	 1e-22
#$POWER:19.8, mW
#$WAVELENGTH:1064,nm
#$OBJECT:PVDF40, bscat	=
position	ref	signal	Time
-100.0	0.00188681075822	-6.88786293144e-05	1512040317.2444472	
-200.0	0.00188681075822	-6.88786293144e-05	1512040318.4730725	
-300.0	0.00187379296146	-7.87490161497e-05	1512040319.6974788	
-400.0	0.00187451262972	-8.15912502915e-05	1512040320.9619365	
-500.0	0.00186026957498	-9.00621556524e-05	1512040322.1891797	
-600.0	0.00186514327775	-9.1664328504e-05	1512040323.4218554	
-700.0	0.00189444926248	-0.000112697544383	1512040324.648083	
-800.0	0.00189444926248	-0.000112697544383	1512040325.8796926	
-900.0	0.00187826583635	-8.24065706623e-05	1512040327.1288862	
-1000.0	0.00186178634416	-8.10378345091e-05	1512040328.3571262	
-1100.0	0.00190033869957	-6.68494381122e-05	1512040329.5807416	
-1200.0	0.00186097557865	-6.66444693039e-05	1512040330.8556042	
-1300.0	0.00186097557865	-6.66444693039e-05	1512040332.0803943	
-1400.0	0.00189393000816	-7.89562623892e-05	1512040333.306175	
-1500.0	0.00189668114506	-9.16426929075e-05	1512040334.5366733	
-1600.0	0.00191814821158	-0.000110077359783	1512040335.769402	
-1700.0	0.00190125878177	-0.000125793912517	1512040337.0006123	
-1800.0	0.00188335361765	-0.000144147730585	1512040338.2330585	
-1900.0	0.00188335361765	-0.000144147730585	1512040339.458774	
-2000.0	0.00191347492275	-0.000166766038582	1512040340.6843991	
-2100.0	0.00191499169193	-0.000220248094246	1512040341.9119675	
-2200.0	0.00194754529355	-0.000221516623426	1512040343.218537	
-2300.0	0.00197333720193	-0.000248651077498	1512040344.4434931	
-2400.0	0.00197333720193	-0.000248651077498	1512040345.6717272	
-2500.0	0.00200003552793	-0.000248123852175	1512040346.9085221	
-2600.0	0.00196931298099	-0.000277773729011	1512040348.1324065	
-2700.0	0.00194632914529	-0.000315866043319	1512040349.371936	
-2800.0	0.00198070924674	-0.000311266771003	1512040350.5845406	
-2900.0	0.00195899394021	-0.000264215042342	1512040351.8196416	
-3000.0	0.00195899394021	-0.000264215042342	1512040353.0789316	
-3100.0	0.00198488605556	-0.000285250535652	1512040354.3239431	
-3200.0	0.00196164031527	-0.000257326951667	1512040355.5509694	
-3300.0	0.00193330223881	-0.000248526957498	1512040356.787148	
-3400.0	0.00196637053988	-0.000285732212351	1512040358.0438452	
-3500.0	0.00196637053988	-0.000285732212351	1512040359.268112	
-3600.0	0.00195201816844	-0.000301908806189	1512040360.4951677	
-3700.0	0.00192628319584	-0.000321668938025	1512040361.7203343	
-3800.0	0.00193014571916	-0.000347196664383	1512040362.9557629	
-3900.0	0.0019242517272	-0.000315255691756	1512040364.2002673	
-4000.0	0.00192729437529	-0.000311035611736	1512040365.4611998	
-4100.0	0.00192729437529	-0.000311035611736	1512040366.6701586	
-4200.0	0.00194337759445	-0.000359048416365	1512040367.8944829	
-4300.0	0.00193188112174	-0.000360674502245	1512040369.141513	
-4400.0	0.00192618754373	-0.000375122525799	1512040370.3750033	
-4500.0	0.00193076062558	-0.000380846849128	1512040371.6094005	
-4600.0	0.00193076062558	-0.000380846849128	1512040372.8367531	
-4700.0	0.00195944259416	-0.000415965977	1512040374.0721805	
-4800.0	0.00196168814132	-0.00033769066654	1512040375.295699	
-4900.0	0.00195486495744	-0.000327111998601	1512040376.5225782	
-5000.0	0.00193335006486	-0.00032337359528	1512040377.748452	
-5100.0	0.00193620596359	-0.000330569139167	1512040378.9845104	
-5200.0	0.00193620596359	-0.000330569139167	1512040380.2125275	
-5300.0	0.00198284092234	-0.000320550719304	1512040381.4640121	
-5400.0	0.00194856558273	-0.000336615719012	1512040382.696218	
-5500.0	0.00195598545359	-0.000360986510319	1512040383.9246883	
-5600.0	0.00197460117625	-0.00039872582279	1512040385.1489227	
-5700.0	0.00197460117625	-0.00039872582279	1512040386.3766112	
-5800.0	0.00198793325851	-0.000344099357947	1512040387.6093485	
-5900.0	0.00200476119767	-0.000301117398846	1512040388.8493946	
-6000.0	0.00202689555154	-0.000295931687996	1512040390.078644	
-6100.0	0.00199220116459	-0.000291892663756	1512040391.3149376	
-6200.0	0.00199210095761	-0.000246848490701	1512040392.5459926	
-6300.0	0.00199210095761	-0.000246848490701	1512040393.7780738	
-6400.0	0.00197220759605	-0.000211519839159	1512040395.0007217	
-6500.0	0.0019956104791	-0.000201935269939	1512040396.2286105	
-6600.0	0.00198456721519	-0.000192200390261	1512040397.4997776	
-6700.0	0.00194205668435	-0.000173196365584	1512040398.7238247	
-6800.0	0.00194205668435	-0.000173196365584	1512040399.9514503	
-6900.0	0.00196845438943	-0.000179759922312	1512040401.1790404	
-7000.0	0.00196473534427	-0.000196825853035	1512040402.4388862	
-7100.0	0.00199109433302	-0.000156161180183	1512040403.6599107	
-7200.0	0.00195588524662	-0.000130118754373	1512040404.8958876	

#$Filter:none
#$	0	1	 1
#$	1	op06	0.251188643150958
#$	2	op09*op09	0.015848931924611138
#$	3	op18*op18*op18	3.9810717055349725e-06
#$	4	ns12	1e-7
#$	5	0	 1e-22
#$POWER:19.8, mW
#$WAVELENGTH:1064,nm
#$OBJECT:PVDF40, bscat	=
position	ref	signal	Time
-7300.0	0.00189689066873	-9.91821289062e-05	1512040427.3129194	
-7400.0	0.00197898750875	-0.000105316162109	1512040428.5803242	
-7500.0	0.00197898750875	-0.000105316162109	1512040429.7910154	
-7600.0	0.00187155196916	-9.19036865234e-05	1512040431.0248575	
-7700.0	0.00190827782474	-9.45129394531e-05	1512040432.2484326	
-7800.0	0.00191575463138	-8.43710828183e-05	1512040433.481912	
-7900.0	0.00190827782474	-7.43713378906e-05	1512040434.7083116	
-8000.0	0.00186382692252	-6.95600367304e-05	1512040435.95439	
-8100.0	0.00186382692252	-6.95600367304e-05	1512040437.1863842	
-8200.0	0.00186844783043	-6.76069117304e-05	1512040438.4438288	
-8300.0	0.00188762607859	-7.27343203417e-05	1512040439.6701815	
-8400.0	0.00185975943039	-5.86351992479e-05	1512040440.942014	
-8500.0	0.00186727495336	-6.24398758162e-05	1512040442.1753492	
-8600.0	0.00186727495336	-6.24398758162e-05	1512040443.4412255	
-8700.0	0.00184479670738	-4.85343363748e-05	1512040444.6454067	
-8800.0	0.00187278178201	-5.28974390742e-05	1512040445.8730783	
-8900.0	0.00183860209451	-4.64176918144e-05	1512040447.096053	
-9000.0	0.00184459173857	-4.52279617537e-05	1512040448.3206768	
-9100.0	0.00181880893992	-3.9357655084e-05	1512040449.5409558	
-9200.0	0.00181880893992	-3.9357655084e-05	1512040450.7667644	
-9300.0	0.00184926958226	-4.44750429979e-05	1512040451.993354	
-9400.0	0.00184459629344	-3.38444496269e-05	1512040453.2242203	
-9500.0	0.00185471947513	-3.70797683944e-05	1512040455.443098	
-9700.0	0.00182456400857	-3.04875160331e-05	1512040457.6617966	
-9900.0	0.0018653436917	-3.98564125175e-05	1512040459.8815625	
-10100.0	0.00192262108646	-3.56750488281e-05	1512040462.100211	
-10300.0	0.00190075774691	-3.11183644764e-05	1512040464.319104	
-10500.0	0.0019347324656	-2.9480435955e-05	1512040466.538831	
-10700.0	0.00191173952017	-3.18913246269e-05	1512040468.7565327	
-10900.0	0.00190848279355	-2.83203125e-05	1512040470.9763482	
-11100.0	0.00198172042619	-3.32946777344e-05	1512040473.1961586	
-11300.0	0.00189993787168	-2.58588648554e-05	1512040475.4139085	
-11500.0	0.00191875856314	-2.54931094042e-05	1512040477.6335573	

#$Filter:none
#$	0	1	 1
#$	1	op06	0.251188643150958
#$	2	op09*op09	0.015848931924611138
#$	3	op18*op18*op18	3.9810717055349725e-06
#$	4	ns12	1e-7
#$	5	0	 1e-22
#$POWER:19.8, mW
#$WAVELENGTH:1064,nm
#$OBJECT:PVDF40, bscat	=
position	ref	signal	Time
-11700.0	0.00192912998484	-2.26687530973e-05	1512040492.7435577	
-11900.0	0.00189718673478	-1.97054734871e-05	1512040494.9631152	
-12100.0	0.00191122937558	-1.77582698082e-05	1512040497.1855104	
-12300.0	0.00191265049265	-1.8247632838e-05	1512040499.4043024	
-12500.0	0.00192730803988	-1.88138591709e-05	1512040501.6240523	
-12800.0	0.00183258967613	-1.39615642491e-05	1512040504.3427877	
-13100.0	0.00191398051248	-1.53201658334e-05	1512040507.062464	
-13400.0	0.00188895154355	-1.62299995992e-05	1512040509.780192	
-13700.0	0.00191194448898	-1.41836707272e-05	1512040512.4998708	
-14000.0	0.00188060703562	-1.33596961178e-05	1512040515.2195723	
-14300.0	0.00191927326259	-1.12340557041e-05	1512040517.938309	
-14600.0	0.00188131759416	-1.22281544244e-05	1512040520.65919	
-14900.0	0.00191062357888	-1.23958872325e-05	1512040523.377714	
-15200.0	0.00194316807078	-1.28001312711e-05	1512040526.097391	
-15500.0	0.00196259911381	-1.42714087643e-05	1512040528.816089	
-15800.0	0.00193736517607	-1.2683412922e-05	1512040531.5358055	
-16100.0	0.00197338502799	-1.07876222525e-05	1512040534.2545094	
-16400.0	0.00193635399662	-9.42708485162e-06	1512040536.9742162	
-16700.0	0.00193014571916	-9.40015422764e-06	1512040539.6973066	
-17000.0	0.00197429600047	-9.87186716564e-06	1512040542.4206264	
-17300.0	0.00198925416861	-9.85791789952e-06	1512040545.141329	
-17600.0	0.00200125167619	-9.22228685066e-06	1512040547.8600502	
-17900.0	0.00197195935605	-7.67101458649e-06	1512040550.579764	
-18200.0	0.00198914940677	-7.46012445706e-06	1512040553.2994702	
-18500.0	0.00197429600047	-6.64406392112e-06	1512040556.019196	
-18800.0	0.00196617012593	-4.69008488442e-06	1512040558.7520008	
-19100.0	0.00196230304775	-4.87928248163e-06	1512040561.4735649	
-19600.0	0.00196178379344	-4.78186536191e-06	1512040564.6922596	
-20100.0	0.00195517924295	-4.58959323257e-06	1512040567.9119196	
-20600.0	0.00196468751822	-5.06927717977e-06	1512040571.1442425	
