
#$Filter:none
#$	0	1	 1
#$	1	op06	0.251188643150958
#$	2	op09*op09	0.015848931924611138
#$	3	op18*op18*op18	3.9810717055349725e-06
#$	4	ns12	1e-7
#$	5	0	 1e-22
#$POWER:19.8, mW
#$WAVELENGTH:1064,nm
#$OBJECT:PVDF40, bscat	=
position	ref	signal	Time
-20100.0	0.00195944259416	-5.09193762025e-06	1512041074.0844667	
-19600.0	0.00195944259416	-7.07091146441e-06	1512041077.3038232	
-19100.0	0.00195365336404	-5.63220123747e-06	1512041080.5224853	

#$Filter:none
#$	0	1	 1
#$	1	op06	0.251188643150958
#$	2	op09*op09	0.015848931924611138
#$	3	op18*op18*op18	3.9810717055349725e-06
#$	4	ns12	1e-7
#$	5	0	 1e-22
#$POWER:19.8, mW
#$WAVELENGTH:1064,nm
#$OBJECT:PVDF40, bscat	=
position	ref	signal	Time
300.0	0.00190573165666	-5.44038459436e-06	1512041117.6216908	
600.0	0.00190095360599	-5.6303792925e-06	1512041119.823515	
900.0	0.0019080774108	-7.67602493514e-06	1512041122.0253215	
1200.0	0.00193086538742	-7.06817854696e-06	1512041124.2272995	
1500.0	0.00191906373892	-5.67831921933e-06	1512041126.4288452	
1800.0	0.00186993043814	-5.70633162313e-06	1512041128.6301217	

#$Filter:none
#$	0	1	 1
#$	1	op06	0.251188643150958
#$	2	op09*op09	0.015848931924611138
#$	3	op18*op18*op18	3.9810717055349725e-06
#$	4	ns12	1e-7
#$	5	0	 1e-22
#$POWER:19.8, mW
#$WAVELENGTH:1064,nm
#$OBJECT:PVDF40, bscat	=
position	ref	signal	Time
2100.0	0.00195801236736	-6.3333653692e-06	1512041156.429788	
2400.0	0.00191946456681	-6.07527547808e-06	1512041158.6491318	
2700.0	0.00192567284427	-6.48868617727e-06	1512041160.8688886	
3000.0	0.00191732833635	-5.8625064679e-06	1512041163.0877104	

#$Filter:none
#$	0	1	 1
#$	1	op06	0.251188643150958
#$	2	op09*op09	0.015848931924611138
#$	3	op18*op18*op18	3.9810717055349725e-06
#$	4	ns12	1e-7
#$	5	0	 1e-22
#$POWER:19.8, mW
#$WAVELENGTH:1064,nm
#$OBJECT:PVDF40, bscat	=
position	ref	signal	Time
3300.0	0.00188477473472	-6.54972133352e-06	1512041172.9590025	
3600.0	0.00189769232451	-5.82612450443e-06	1512041175.1754208	

#$Filter:none
#$	0	1	 1
#$	1	op06	0.251188643150958
#$	2	op09*op09	0.015848931924611138
#$	3	op18*op18*op18	3.9810717055349725e-06
#$	4	ns12	1e-7
#$	5	0	 1e-22
#$POWER:19.8, mW
#$WAVELENGTH:1064,nm
#$OBJECT:PVDF40, bscat	=
position	ref	signal	Time
3600.0	0.00192780907474	-6.11416261588e-06	1512041195.6105812	
3900.0	0.00191925959801	-8.55613822368e-06	1512041197.828912	
4200.0	0.00188528032445	-6.83690540826e-06	1512041200.0486438	
4500.0	0.0019177337191	-8.52801194832e-06	1512041202.268422	
4800.0	0.00193329768394	-9.20070819001e-06	1512041204.4862068	
5100.0	0.00194519498455	-1.14620835034e-05	1512041207.2058902	
5400.0	0.00194195192252	-7.7155953023e-06	1512041209.9236243	
5700.0	0.00194529974639	-9.40744200749e-06	1512041212.6433172	
6000.0	0.00194855647301	-8.90640714275e-06	1512041215.363069	
6300.0	0.0019588322426	-1.07275550045e-05	1512041218.0767217	
6600.0	0.00196412043785	-1.1724956e-05	1512041220.7964518	
6900.0	0.00194021651994	-1.30615803733e-05	1512041223.5155196	
7200.0	0.00198670800052	-1.17335533028e-05	1512041226.2348135	
7500.0	0.00196422975455	-1.28486405558e-05	1512041228.953573	
7800.0	0.00197460573111	-1.6289839104e-05	1512041231.6732368	
8100.0	0.0019776483792	-1.63734208292e-05	1512041234.3910112	
8400.0	0.00194901879154	-1.72058788698e-05	1512041237.1106415	
8700.0	0.00196920821916	-2.13953274399e-05	1512041239.8284009	
9000.0	0.00196616101621	-2.13046287423e-05	1512041242.5482771	
9300.0	0.00196636143015	-2.12142716593e-05	1512041245.267769	
9600.0	0.00195679166424	-2.19684999381e-05	1512041247.9875157	
9900.0	0.00196219828591	-2.1701585001e-05	1512041250.707219	
10200.0	0.002023338204	-2.64768458124e-05	1512041253.4259446	

#$Filter:none
#$	0	1	 1
#$	1	op06	0.251188643150958
#$	2	op09*op09	0.015848931924611138
#$	3	op18*op18*op18	3.9810717055349725e-06
#$	4	ns12	1e-7
#$	5	0	 1e-22
#$POWER:19.8, mW
#$WAVELENGTH:1064,nm
#$OBJECT:PVDF40, bscat	=
position	ref	signal	Time
10500.0	0.00196921277402	-3.28068519706e-05	1512041265.753008	
10600.0	0.00200125167619	-3.12304140917e-05	1512041268.4712613	
10700.0	0.00196676681291	-3.58285476912e-05	1512041271.1890075	
10800.0	0.00196676681291	-3.58285476912e-05	1512041272.408845	
10900.0	0.00199576762185	-3.49230410448e-05	1512041273.6289613	
11000.0	0.00198141980527	-3.79028320312e-05	1512041274.859081	
11100.0	0.00199108977816	-3.6865234375e-05	1512041276.1030056	
11200.0	0.00199403221927	-3.26538085938e-05	1512041277.324201	
11300.0	0.00199403221927	-3.26538085938e-05	1512041278.5593476	
11400.0	0.00199769432865	-3.65295410156e-05	1512041279.8037026	
11500.0	0.00199708397709	-3.43126894823e-05	1512041281.0336118	
11600.0	0.0020070545709	-4.56041933885e-05	1512041282.269174	
11700.0	0.00199271130918	-3.55128957264e-05	1512041283.5040905	
11800.0	0.00198426203941	-4.52174855702e-05	1512041284.7273848	
11900.0	0.00198426203941	-4.52174855702e-05	1512041285.9602087	
12000.0	0.00199993076609	-4.51564504139e-05	1512041287.1950076	
12100.0	0.00201426947295	-5.55023648846e-05	1512041288.4262066	
12200.0	0.00200065043435	-5.56845593808e-05	1512041289.7031653	
12300.0	0.00195872748076	-5.43627383104e-05	1512041290.9438376	
12400.0	0.00195872748076	-5.43627383104e-05	1512041292.192147	
12500.0	0.00198334195721	-5.44132972831e-05	1512041293.4271042	
12600.0	0.00195354404734	-5.38291361795e-05	1512041294.653268	
12700.0	0.00195873203562	-6.33253410681e-05	1512041295.9007325	
12800.0	0.00198802435576	-6.49523379198e-05	1512041297.182935	
12900.0	0.00198172498105	-6.49117996444e-05	1512041298.4210527	
13000.0	0.00198172498105	-6.49117996444e-05	1512041299.6789417	
13100.0	0.00196991877769	-5.94391324627e-05	1512041300.916858	
13200.0	0.00196589911162	-7.10868266091e-05	1512041302.1450117	
13300.0	0.0019473881508	-6.31108070487e-05	1512041303.3731942	
13400.0	0.00196910801219	-7.8380527781e-05	1512041304.616814	
13500.0	0.00198019454728	-7.08217336171e-05	1512041305.8597014	
13600.0	0.00198019454728	-7.08217336171e-05	1512041307.084814	
13700.0	0.00196432540666	-7.57250429979e-05	1512041308.331387	
13800.0	0.00196920821916	-7.26227262127e-05	1512041309.5610054	
13900.0	0.00195200905871	-7.92960551248e-05	1512041310.8057885	
14000.0	0.00197522063753	-8.67514539121e-05	1512041312.0294423	
14100.0	0.00197522063753	-8.67514539121e-05	1512041313.2790093	
14200.0	0.00194621527373	-7.21492482655e-05	1512041314.5113297	
14300.0	0.00195180864476	-6.73837234725e-05	1512041315.741122	
14400.0	0.00198243098472	-7.5999701201e-05	1512041316.9725149	
14500.0	0.00197073865293	-8.63656570662e-05	1512041318.202064	
14600.0	0.00194255771922	-8.94884707323e-05	1512041319.4284496	
14700.0	0.00194255771922	-8.94884707323e-05	1512041320.6552546	
