
#$Filter:none
#$	0	1	 1
#$	1	op06	0.251188643150958
#$	2	op09*op09	0.015848931924611138
#$	3	op18*op18*op18	3.9810717055349725e-06
#$	4	ns12	1e-7
#$	5	0	 1e-22
#$POWER:19.8, mW
#$WAVELENGTH:1064,nm
#$OBJECT:PVDF40, bscat	=
position	ref	signal	Time
100.0	0.00196589911162	-0.000107635498047	1512041351.5480716	
200.0	0.00196589911162	-0.000107635498047	1512041352.7780392	
300.0	0.00198345582877	-9.1919856285e-05	1512041354.0010157	
400.0	0.00195842230498	-8.42904617537e-05	1512041355.2284472	
500.0	0.00197694237552	-9.7489769779e-05	1512041356.4581676	
600.0	0.00196930842613	-0.000114288330078	1512041357.6848917	
700.0	0.00196930842613	-0.000114288330078	1512041358.9164054	
800.0	0.00199042249082	-0.000115428412139	1512041360.1448443	
900.0	0.00196728151236	-0.000112208807646	1512041361.3689055	
1000.0	0.00195984797691	-0.000103863161002	1512041362.5946255	
1100.0	0.00197307074248	-0.000121094205486	1512041363.820039	
1200.0	0.00197307074248	-0.000121094205486	1512041365.0443103	
1300.0	0.00197287032853	-0.000121287787139	1512041366.2857842	

#$Filter:none
#$	0	1	 1
#$	1	op06	0.251188643150958
#$	2	op09*op09	0.015848931924611138
#$	3	op18*op18*op18	3.9810717055349725e-06
#$	4	ns12	1e-7
#$	5	0	 1e-22
#$POWER:19.8, mW
#$WAVELENGTH:1064,nm
#$OBJECT:PVDF40, bscat	=
position	ref	signal	Time
1400.0	0.00193839002011	-0.000149320915564	1512041377.4641435	
1500.0	0.00194124136398	-0.000143372265261	1512041378.6969864	
1600.0	0.00191326084422	-0.000153791513016	1512041379.9252598	
1700.0	0.00191326084422	-0.000153791513016	1512041381.1539848	
1800.0	0.00193431797312	-0.000144745556276	1512041382.3900123	
1900.0	0.00196117799674	-0.000164474942791	1512041383.6168573	
2000.0	0.00197826784049	-0.000213791576784	1512041384.8413706	
2100.0	0.0019402210748	-0.000213126566873	1512041386.0687666	
2200.0	0.00196890304338	-0.000249061015115	1512041387.2976146	
2300.0	0.00196890304338	-0.000249061015115	1512041388.523487	
2400.0	0.00195517013322	-0.000285198154734	1512041389.782078	
2500.0	0.00192088568389	-0.000253509976971	1512041391.0389338	
2600.0	0.00190460660564	-0.000249874058054	1512041392.2512367	
2700.0	0.00192160535215	-0.000300845245817	1512041393.4876723	
2800.0	0.00192160535215	-0.000300845245817	1512041394.7215815	
2900.0	0.0019590372114	-0.000272683670272	1512041395.9487846	
3000.0	0.00197032871531	-0.000336236526717	1512041397.1778061	
3100.0	0.00196809227787	-0.000436770311042	1512041398.4196064	

#$Filter:none
#$	0	1	 1
#$	1	op06	0.251188643150958
#$	2	op09*op09	0.015848931924611138
#$	3	op18*op18*op18	3.9810717055349725e-06
#$	4	ns12	1e-7
#$	5	0	 1e-22
#$POWER:19.8, mW
#$WAVELENGTH:1064,nm
#$OBJECT:PVDF40, bscat	=
position	ref	signal	Time
3200.0	0.00196767778539	-0.000527958656425	1512041407.0560791	
3300.0	0.00196767778539	-0.000527958656425	1512041408.2819571	
3400.0	0.00197562602029	-0.000536508133162	1512041409.5313098	
3500.0	0.00195670056699	-0.000580043508046	1512041410.760961	
3600.0	0.0019395059614	-0.000556544972889	1512041412.0060446	
3700.0	0.00198050427793	-0.000660004117596	1512041413.2490084	
3800.0	0.00197744796525	-0.000673026469216	1512041414.4814975	
3900.0	0.00197744796525	-0.000673026469216	1512041415.7259967	
4000.0	0.00195823100076	-0.000663051320546	1512041416.9527059	
4100.0	0.00198538253556	-0.000392774895056	1512041418.1820877	
4200.0	0.00195944714902	-0.000337533523787	1512041419.4159107	

#$Filter:none
#$	0	1	 1
#$	1	op06	0.251188643150958
#$	2	op09*op09	0.015848931924611138
#$	3	op18*op18*op18	3.9810717055349725e-06
#$	4	ns12	1e-7
#$	5	0	 1e-22
#$POWER:19.8, mW
#$WAVELENGTH:1064,nm
#$OBJECT:PVDF40, bscat	=
position	ref	signal	Time
4300.0	0.00196652312777	-0.000210571289063	1512041429.691587	
4400.0	0.00195791671525	-0.000206196343721	1512041430.9269705	
4500.0	0.00195791671525	-0.000206196343721	1512041432.1869388	
4600.0	0.00196259911381	-0.000193353909165	1512041433.389655	
4700.0	0.0019651316173	-0.000212936401367	1512041434.6314566	
4800.0	0.00197471049295	-0.000225143432617	1512041435.8700223	
4900.0	0.00195691009066	-0.000215072631836	1512041437.1394165	
5000.0	0.00196647530171	-0.000207620876939	1512041438.3492956	
5100.0	0.00196647530171	-0.000207620876939	1512041439.5766466	
5200.0	0.0019499866998	-0.000179214477539	1512041440.802595	
5300.0	0.00197002353953	-0.000238189697266	1512041442.0286725	
5400.0	0.00192220659398	-0.00017463684082	1512041443.2756248	
5500.0	0.0019337030667	-0.000191192626953	1512041444.5010254	
5600.0	0.0019337030667	-0.000191192626953	1512041445.7248912	
5700.0	0.00196188400041	-0.000238876342773	1512041446.9526644	
5800.0	0.00196982312558	-0.000181427001953	1512041448.1784594	
5900.0	0.00197226453183	-0.000167388916016	1512041449.4150019	
6000.0	0.00197388606285	-0.000137481689453	1512041450.6400867	
6100.0	0.00198798108457	-0.000121002197266	1512041451.864763	
6200.0	0.00198798108457	-0.000121002197266	1512041453.101463	
6300.0	0.00196808772301	-9.92584228516e-05	1512041454.346674	
6400.0	0.00197215521514	-0.000100427883774	1512041455.579115	
6500.0	0.00196087282095	-8.33892822266e-05	1512041456.8236394	
6600.0	0.00196188855527	-7.6192599624e-05	1512041458.0528948	
6700.0	0.00196188855527	-7.6192599624e-05	1512041459.286961	
6800.0	0.00193035068797	-5.82122802734e-05	1512041460.528009	
6900.0	0.00188426459014	-5.16510009766e-05	1512041461.807929	
7000.0	0.00192750389896	-6.86645507812e-05	1512041463.0388336	
7100.0	0.00189525547312	-8.23211669922e-05	1512041464.2950258	
7200.0	0.00190837803172	-4.35638427734e-05	1512041465.519794	
7300.0	0.00190837803172	-4.35638427734e-05	1512041466.7782109	
7400.0	0.00192181032095	-4.85229492188e-05	1512041467.9902716	
7500.0	0.00193543846927	-8.14819335937e-05	1512041469.2669506	
7600.0	0.00188680620336	-9.3485134751e-05	1512041470.4728358	
7700.0	0.00189861696158	-0.000100708007813	1512041471.7007234	
7800.0	0.00189861696158	-0.000103124362319	1512041472.9503868	
7900.0	0.00194479415666	-0.000103124362319	1512041474.1836019	
8000.0	0.00193716476213	-0.000105361938477	1512041475.4192793	
8100.0	0.00193410844945	-9.35363769531e-05	1512041476.6488693	
8200.0	0.00192445214115	-6.71887753615e-05	1512041477.9107568	
8300.0	0.00196789641878	-8.90350341797e-05	1512041479.144499	
8400.0	0.00196789641878	-8.90350341797e-05	1512041480.3892167	
8500.0	0.00195532272111	-7.98034667969e-05	1512041481.6183243	
8600.0	0.00189443559789	-4.76837158203e-05	1512041482.8582966	
8700.0	0.00189922275828	-3.76892089844e-05	1512041484.1175315	
8800.0	0.00188599543785	-4.09698486328e-05	1512041485.3414512	
8900.0	0.00189485009037	-3.85284423828e-05	1512041486.565132	
9000.0	0.00189485009037	-3.85284423828e-05	1512041487.800824	
9100.0	0.00191600742625	-6.74950898583e-05	1512041489.0318096	
9200.0	0.0019353382623	-6.82067871094e-05	1512041490.25308	
9300.0	0.00193746993791	-5.89752197266e-05	1512041491.5070014	
9400.0	0.00189982855498	-5.63561738427e-05	1512041492.7318885	
9500.0	0.00189982855498	-5.63561738427e-05	1512041493.9565752	
9600.0	0.00188630061363	-8.00072968896e-05	1512041495.186047	
9700.0	0.00193564343808	-0.000186309814453	1512041496.4125297	
9800.0	0.00192902977787	-0.000168609619141	1512041497.656586	
9900.0	0.00193187656687	-0.000126876831055	1512041498.8848941	
10000.0	0.00197073865293	-0.000159912109375	1512041500.108891	
10100.0	0.00197073865293	-0.000159912109375	1512041501.3439915	
10200.0	0.00197114403568	-0.00016487121582	1512041502.5734117	
10300.0	0.0019679920709	-0.000170593261719	1512041503.7970574	
10400.0	0.00193960616838	-0.000189412814468	1512041505.0351024	
10500.0	0.00194383080326	-0.000184173583984	1512041506.243647	
10600.0	0.00194383080326	-0.000184173583984	1512041507.5123625	
10700.0	0.00192851507842	-0.000249227267593	1512041508.732486	
10800.0	0.00192699375437	-0.000283966064453	1512041509.9608524	
10900.0	0.00191580245744	-0.000289611816406	1512041511.199682	
11000.0	0.00197633657882	-0.000291442871094	1512041512.4082472	
11100.0	0.00197633657882	-0.000291442871094	1512041513.6331613	
11200.0	0.00192048030113	-0.000307159423828	1512041514.8620088	

#$Filter:none
#$	0	1	 1
#$	1	op06	0.251188643150958
#$	2	op09*op09	0.015848931924611138
#$	3	op18*op18*op18	3.9810717055349725e-06
#$	4	ns12	1e-7
#$	5	0	 1e-22
#$POWER:19.8, mW
#$WAVELENGTH:1064,nm
#$OBJECT:PVDF40, bscat	=
position	ref	signal	Time
11300.0	0.00196321402023	-0.000445761609433	1512041522.12028	
11400.0	0.00196412499271	-0.000408534718983	1512041523.345298	
11500.0	0.00198223057078	-0.000467438199627	1512041524.5726323	
11600.0	0.00198223057078	-0.000467438199627	1512041525.827468	
11700.0	0.00192984509824	-0.00054759466826	1512041527.0548525	
11800.0	0.0019561904224	-0.000558685758221	1512041528.2875524	
11900.0	0.00192343185197	-0.000587372281658	1512041529.5281155	
12000.0	0.00194428856693	-0.00058605137156	1512041530.7790048	
12100.0	0.00192170555912	-0.000552386383512	1512041532.0411532	
12200.0	0.00192170555912	-0.000552386383512	1512041533.2521176	
12300.0	0.00194723556291	-0.000489921000466	1512041534.4770126	
12400.0	0.00193634944176	-0.000486154129256	1512041535.7147694	
12500.0	0.0019924061334	-0.000560970021718	1512041536.9462817	
12600.0	0.00193685958635	-0.000513615394706	1512041538.2010093	
12700.0	0.00193685958635	-0.000513615394706	1512041539.4390998	
12800.0	0.00196407716666	-0.000551976445896	1512041540.6720345	
12900.0	0.00196116888701	-0.000514230301131	1512041541.9280014	
13000.0	0.00189647162139	-0.000493683316814	1512041543.1388774	
13100.0	0.00195039208256	-0.000472216250292	1512041544.4058952	
13200.0	0.00191387119578	-0.000475172355993	1512041545.632316	
13300.0	0.00191387119578	-0.000475172355993	1512041546.8629494	
13400.0	0.00193869064103	-0.000458487894998	1512041548.0886693	
13500.0	0.00191091964494	-0.000459656217205	1512041549.353968	
13600.0	0.00192486207877	-0.000457872988573	1512041550.5801625	
13700.0	0.00193065130889	-0.000440635111795	1512041551.825011	
13800.0	0.00193065130889	-0.000440635111795	1512041553.036825	
13900.0	0.00196361940299	-0.000448717715135	1512041554.265452	
14000.0	0.00196036267636	-0.000416574051131	1512041555.4919808	
14100.0	0.00198549185226	-0.00042853284238	1512041556.7245975	
14200.0	0.00195741112552	-0.000363874293085	1512041557.9717088	
14300.0	0.00194875688695	-0.000351261879081	1512041559.2112238	
14400.0	0.00194875688695	-0.000351261879081	1512041560.4365287	
14500.0	0.00192414696537	-0.000307020500525	1512041561.6642132	
14600.0	0.00195313410972	-0.00030899958824	1512041562.9178352	
14700.0	0.00197215977	-0.000300707461229	1512041564.1254234	
14800.0	0.00195649104332	-0.000320343473064	1512041565.3503075	
14900.0	0.00195649104332	-0.000320343473064	1512041566.5765953	
15000.0	0.00200898127769	-0.000334782386894	1512041567.80185	
15100.0	0.00198426659427	-0.000289525274021	1512041569.0286603	
15200.0	0.00201743054746	-0.000296949699743	1512041570.2595234	
15300.0	0.00199881026994	-0.000305747416482	1512041571.4846456	
15400.0	0.00199403677414	-0.000277719070662	1512041572.7078192	
15500.0	0.00199403677414	-0.000277719070662	1512041573.950701	
15600.0	0.00199300737523	-0.000256160906891	1512041575.1734676	
15700.0	0.00199688356314	-0.00027533004533	1512041576.4085574	

#$Filter:none
#$	0	1	 1
#$	1	op06	0.251188643150958
#$	2	op09*op09	0.015848931924611138
#$	3	op18*op18*op18	3.9810717055349725e-06
#$	4	ns12	1e-7
#$	5	0	 1e-22
#$POWER:19.8, mW
#$WAVELENGTH:1064,nm
#$OBJECT:PVDF40, bscat	=
position	ref	signal	Time
15900.0	0.00199342186771	-0.000202980041504	1512041589.3528194	
16100.0	0.0020153899691	-0.000209503173828	1512041591.5723672	
16300.0	0.0019985005393	-0.000211486816406	1512041593.7901344	
16500.0	0.00200003097306	-0.000191421508789	1512041596.0098467	
16700.0	0.00201753530929	-0.000193252563477	1512041598.229616	
16900.0	0.00201876512214	-0.000177688598633	1512041600.4483984	
17100.0	0.00199067984054	-0.000147323608398	1512041602.668148	
17300.0	0.00200541937529	-0.000132369995117	1512041604.8879411	
17500.0	0.00199398439322	-0.00014289855957	1512041607.1066947	
17700.0	0.00199179122697	-0.000102005004883	1512041609.32641	
17900.0	0.00198792870365	-0.000100402832031	1512041611.5462067	
18100.0	0.00200873303769	-0.000100173950195	1512041613.764956	
18300.0	0.00200776968429	-9.04083251953e-05	1512041615.984694	
18500.0	0.00200771730338	-7.31658935547e-05	1512041618.202483	
18700.0	0.00199576306699	-7.11059570313e-05	1512041620.4222155	
18900.0	0.00199311213707	-6.14166259766e-05	1512041622.643025	
19100.0	0.00193624923478	-4.28771972656e-05	1512041624.8617685	
19300.0	0.00199159536789	-4.41741943359e-05	1512041627.0815032	
19500.0	0.00202536056291	-4.56237792969e-05	1512041629.3013194	
19700.0	0.0020056243441	-5.39398193359e-05	1512041631.5200505	
19900.0	0.00201153200064	-4.44793701172e-05	1512041633.7396924	
20100.0	0.00196559651693	-4.8828125e-05	1512041635.957582	
20300.0	0.00197106361389	-4.01306152344e-05	1512041638.1772935	

#$Filter:none
#$	0	1	 1
#$	1	op06	0.251188643150958
#$	2	op09*op09	0.015848931924611138
#$	3	op18*op18*op18	3.9810717055349725e-06
#$	4	ns12	1e-7
#$	5	0	 1e-22
#$POWER:19.8, mW
#$WAVELENGTH:1064,nm
#$OBJECT:PVDF40, bscat	=
position	ref	signal	Time
20500.0	0.0019429718502	-3.1849331326e-05	1512041654.1379251	
20700.0	0.00196708073692	-2.94002956814e-05	1512041656.3573263	
20900.0	0.00195023309617	-2.69814143105e-05	1512041658.578092	
21100.0	0.00195671202644	-2.46873885866e-05	1512041660.7968884	
21300.0	0.00194647410559	-2.51166934059e-05	1512041663.0166152	
21500.0	0.00195044139075	-2.46936858646e-05	1512041665.2364047	
21700.0	0.00198417058067	-2.32149154421e-05	1512041667.455247	
21900.0	0.00192867702908	-1.83425176711e-05	1512041669.6749418	
22100.0	0.00197761656746	-2.09590366908e-05	1512041671.89268	
22300.0	0.00197363475012	-1.71460348462e-05	1512041674.1124396	
22500.0	0.00201164366707	-2.26777091859e-05	1512041676.3321753	
22700.0	0.00197658962674	-2.08914620536e-05	1512041678.551008	
22900.0	0.00199877057757	-1.77820599268e-05	1512041680.770711	
23100.0	0.00200706603035	-1.48225814577e-05	1512041682.9904554	
23300.0	0.00199872213697	-1.4777168395e-05	1512041685.2092137	
23500.0	0.00198452419705	-1.37745690724e-05	1512041687.4299684	
23800.0	0.00196586003379	-1.26842922635e-05	1512041690.148651	
24100.0	0.00194618346199	-1.25039721292e-05	1512041692.8683884	
24400.0	0.00197548033699	-1.15644666884e-05	1512041695.587159	
24700.0	0.00197156149244	-1.13854786706e-05	1512041698.306789	
25000.0	0.00199506002759	-1.50001162574e-05	1512041701.026528	
25300.0	0.00199551052517	-9.70047239273e-06	1512041703.74521	
25600.0	0.00199764675564	-8.57652936663e-06	1512041706.465172	
25900.0	0.00197801862444	-8.06535993304e-06	1512041709.1836545	
26200.0	0.00194428943452	-6.48328993056e-06	1512041711.9063292	
26500.0	0.00195355612134	-7.40123930432e-06	1512041714.6271904	
26800.0	0.001913578094	-8.95279172867e-06	1512041717.3467386	
27100.0	0.00192821199932	-5.38780575707e-06	1512041720.065481	
27400.0	0.00194536481585	-5.59900677393e-06	1512041722.7851467	
