
#$Filter:none
#$	0	1	 1
#$	1	op06	0.251188643150958
#$	2	op09*op09	0.015848931924611138
#$	3	op18*op18*op18	3.9810717055349725e-06
#$	4	ns12	1e-7
#$	5	0	 1e-22
#$POWER:19.8, mW
#$WAVELENGTH:1064,nm
#$OBJECT:PVDF40, bscat
position	ref	signal	Time
-5128.0	0.00210006713867	-6.17218017578e-07	1511959127.1554892	
-5128.0	0.00210037231445	-7.97271728516e-07	1511959127.6556325	
-5128.0	0.00210037231445	-7.97271728516e-07	1511959128.1554732	
-5221.0	0.00210037231445	-7.97271728516e-07	1511959128.6556644	
-5221.0	0.00210037231445	-7.97271728516e-07	1511959129.155508	
-5332.0	0.00210037231445	-7.97271728516e-07	1511959129.6554894	
-5332.0	0.00210037231445	-7.97271728516e-07	1511959130.1555142	
-5443.0	0.00210037231445	-7.97271728516e-07	1511959130.6556492	
-5443.0	0.00210037231445	-7.97271728516e-07	1511959131.1555583	
-5554.0	0.00210037231445	-7.97271728516e-07	1511959131.6554983	
-5554.0	0.00210037231445	-7.97271728516e-07	1511959132.155676	
-5664.0	0.00210037231445	-7.97271728516e-07	1511959132.6554945	
-5664.0	0.00210037231445	-7.97271728516e-07	1511959133.1557376	
-5664.0	0.00210037231445	-7.97271728516e-07	1511959133.6556394	
-5775.0	0.0020947265625	-1.03530883789e-06	1511959134.155839	
-5775.0	0.0020947265625	-1.03530883789e-06	1511959134.6555064	
-5886.0	0.0020947265625	-1.03530883789e-06	1511959135.1555057	
-5886.0	0.0020947265625	-1.03530883789e-06	1511959135.6555052	
-5997.0	0.0020947265625	-1.03530883789e-06	1511959136.1555066	
-5997.0	0.0020947265625	-1.03530883789e-06	1511959136.6557055	
-6108.0	0.0020947265625	-1.03530883789e-06	1511959137.1555095	
-6108.0	0.0020947265625	-1.03530883789e-06	1511959137.6557076	
-6219.0	0.0020947265625	-1.03530883789e-06	1511959138.1556325	
-6219.0	0.0020947265625	-1.03530883789e-06	1511959138.655656	
-6219.0	0.0020947265625	-1.03530883789e-06	1511959139.1555061	
-6329.0	0.0020947265625	-1.03530883789e-06	1511959139.6554961	
-6329.0	0.0020947265625	-1.03530883789e-06	1511959140.1556306	
-6440.0	0.00207763671875	-8.82720947266e-07	1511959140.655622	
-6440.0	0.00207763671875	-8.82720947266e-07	1511959141.155498	
-6551.0	0.00207763671875	-8.82720947266e-07	1511959141.65563	
-6551.0	0.00207763671875	-8.82720947266e-07	1511959142.155504	
-6662.0	0.00207763671875	-8.82720947266e-07	1511959142.6557038	
-6662.0	0.00207763671875	-8.82720947266e-07	1511959143.1554623	
-6773.0	0.00207763671875	-8.82720947266e-07	1511959143.6556003	
-6773.0	0.00207763671875	-8.82720947266e-07	1511959144.155776	
-6773.0	0.00207763671875	-8.82720947266e-07	1511959144.6554995	
-6995.0	0.00207763671875	-8.82720947266e-07	1511959145.1558003	
-6995.0	0.00207763671875	-8.82720947266e-07	1511959145.6557448	
-7105.0	0.00207763671875	-8.82720947266e-07	1511959146.156059	
-7105.0	0.00207763671875	-8.82720947266e-07	1511959146.6556556	
-7216.0	0.0020703125	-1.15585327148e-06	1511959147.1554494	
-7216.0	0.0020703125	-1.15585327148e-06	1511959147.655514	
-7327.0	0.0020703125	-1.15585327148e-06	1511959148.1556177	
-7327.0	0.0020703125	-1.15585327148e-06	1511959148.655492	
-7438.0	0.0020703125	-1.15585327148e-06	1511959149.155501	
-7438.0	0.0020703125	-1.15585327148e-06	1511959149.655725	
-7438.0	0.0020703125	-1.15585327148e-06	1511959150.1555116	
-7549.0	0.0020703125	-1.15585327148e-06	1511959150.6556468	
-7549.0	0.0020703125	-1.15585327148e-06	1511959151.155522	
-7660.0	0.0020703125	-1.15585327148e-06	1511959151.6554935	
-7660.0	0.0020703125	-1.15585327148e-06	1511959152.155731	
-7770.0	0.0020703125	-1.15585327148e-06	1511959152.6554925	
-7770.0	0.0020703125	-1.15585327148e-06	1511959153.155714	
-7881.0	0.0020475769043	-8.93402099609e-07	1511959153.6556299	
-7881.0	0.0020475769043	-8.93402099609e-07	1511959154.1554914	
-7992.0	0.0020475769043	-8.93402099609e-07	1511959154.6554964	
-7992.0	0.0020475769043	-8.93402099609e-07	1511959155.1559088	
-7992.0	0.0020475769043	-8.93402099609e-07	1511959155.655689	
-8103.0	0.0020475769043	-8.93402099609e-07	1511959156.155498	
-8103.0	0.0020475769043	-8.93402099609e-07	1511959156.6556642	
-8214.0	0.0020475769043	-8.93402099609e-07	1511959157.1555088	
-8214.0	0.0020475769043	-8.93402099609e-07	1511959157.6556387	
-8325.0	0.0020475769043	-8.93402099609e-07	1511959158.1555421	
-8325.0	0.0020475769043	-8.93402099609e-07	1511959158.6557078	
-8436.0	0.0020475769043	-8.93402099609e-07	1511959159.1555088	
-8436.0	0.0020475769043	-8.93402099609e-07	1511959159.6556296	
-8546.0	0.00214950561523	-1.43737792969e-06	1511959160.1555405	
-8546.0	0.00214950561523	-1.43737792969e-06	1511959160.6556556	
-8546.0	0.00214950561523	-1.43737792969e-06	1511959161.1555357	
-8657.0	0.00214950561523	-1.43737792969e-06	1511959161.6557453	
-8657.0	0.00214950561523	-1.43737792969e-06	1511959162.1556737	
-8768.0	0.00214950561523	-1.43737792969e-06	1511959162.6556766	
-8768.0	0.00214950561523	-1.43737792969e-06	1511959163.155807	
-8879.0	0.00214950561523	-1.43737792969e-06	1511959163.655621	
-8879.0	0.00214950561523	-1.43737792969e-06	1511959164.1557467	
-8990.0	0.00214950561523	-1.43737792969e-06	1511959164.6555593	
-8990.0	0.00214950561523	-1.43737792969e-06	1511959165.1557558	
-9101.0	0.00214950561523	-1.43737792969e-06	1511959165.6555307	
-9101.0	0.00214950561523	-1.43737792969e-06	1511959166.1555707	
-9101.0	0.00201995849609	-1.32675170898e-06	1511959166.6555448	
-9212.0	0.00201995849609	-1.32675170898e-06	1511959167.1555808	
-9212.0	0.00201995849609	-1.32675170898e-06	1511959167.655582	
-9322.0	0.00201995849609	-1.32675170898e-06	1511959168.155497	
-9322.0	0.00201995849609	-1.32675170898e-06	1511959168.6556053	
-9433.0	0.00201995849609	-1.32675170898e-06	1511959169.1555004	
-9433.0	0.00201995849609	-1.32675170898e-06	1511959169.6555867	
-9544.0	0.00201995849609	-1.32675170898e-06	1511959170.1556566	
-9544.0	0.00201995849609	-1.32675170898e-06	1511959170.6555107	
-9655.0	0.00201995849609	-1.32675170898e-06	1511959171.1554987	
-9655.0	0.00201995849609	-1.32675170898e-06	1511959171.655659	
-9655.0	0.00201995849609	-1.32675170898e-06	1511959172.155689	
-9766.0	0.00201995849609	-1.32675170898e-06	1511959172.655706	
-9766.0	0.00204467773438	-1.19934082031e-06	1511959173.155504	
-9877.0	0.00204467773438	-1.19934082031e-06	1511959173.6555047	
-9877.0	0.00204467773438	-1.19934082031e-06	1511959174.155632	
-9987.0	0.00204467773438	-1.19934082031e-06	1511959174.6555407	
-9987.0	0.00204467773438	-1.19934082031e-06	1511959175.1560905	
-10098.0	0.00204467773438	-1.19934082031e-06	1511959175.6558256	
-10098.0	0.00204467773438	-1.19934082031e-06	1511959176.1556013	
-10320.0	0.00204467773438	-1.19934082031e-06	1511959176.6554906	
-10320.0	0.00204467773438	-1.19934082031e-06	1511959177.1559896	
-10320.0	0.00204467773438	-1.19934082031e-06	1511959177.6556249	
-10431.0	0.00204467773438	-1.19934082031e-06	1511959178.1555033	
-10431.0	0.00204467773438	-1.19934082031e-06	1511959178.655497	
-10542.0	0.00204467773438	-1.19934082031e-06	1511959179.1558537	
-10542.0	0.0019677734375	-1.5380859375e-06	1511959179.655516	
-10653.0	0.0019677734375	-1.5380859375e-06	1511959180.1554995	
-10653.0	0.0019677734375	-1.5380859375e-06	1511959180.6556616	
-10764.0	0.0019677734375	-1.5380859375e-06	1511959181.155494	
-10764.0	0.0019677734375	-1.5380859375e-06	1511959181.6556425	
-10874.0	0.0019677734375	-1.5380859375e-06	1511959182.1555018	
-10874.0	0.0019677734375	-1.5380859375e-06	1511959182.655499	
-10874.0	0.0019677734375	-1.5380859375e-06	1511959183.1556304	
-10985.0	0.0019677734375	-1.5380859375e-06	1511959183.6554914	
-10985.0	0.0019677734375	-1.5380859375e-06	1511959184.156058	
-11096.0	0.0019677734375	-1.5380859375e-06	1511959184.6555257	
-11096.0	0.0019677734375	-1.5380859375e-06	1511959185.1558714	
-11207.0	0.0019677734375	-1.5380859375e-06	1511959185.6556427	
-11207.0	0.00204360961914	-1.5869140625e-06	1511959186.1555436	
-11318.0	0.00204360961914	-1.5869140625e-06	1511959186.6558423	
-11318.0	0.00204360961914	-1.5869140625e-06	1511959187.1555147	
-11429.0	0.00204360961914	-1.5869140625e-06	1511959187.6554985	
-11429.0	0.00204360961914	-1.5869140625e-06	1511959188.1555178	
-11429.0	0.00204360961914	-1.5869140625e-06	1511959188.6556425	
-11540.0	0.00204360961914	-1.5869140625e-06	1511959189.1555853	
-11540.0	0.00204360961914	-1.5869140625e-06	1511959189.6556349	
-11650.0	0.00204360961914	-1.5869140625e-06	1511959190.1559582	
-11650.0	0.00204360961914	-1.5869140625e-06	1511959190.6555	
-11761.0	0.00204360961914	-1.5869140625e-06	1511959191.155502	
-11761.0	0.00204360961914	-1.5869140625e-06	1511959191.6556458	
-11872.0	0.00204360961914	-1.5869140625e-06	1511959192.1557128	
-11872.0	0.0020768737793	-1.30920410156e-06	1511959192.6556025	
-11983.0	0.0020768737793	-1.30920410156e-06	1511959193.1555104	
-11983.0	0.0020768737793	-1.30920410156e-06	1511959193.6556895	
-11983.0	0.0020768737793	-1.30920410156e-06	1511959194.1560159	
-12094.0	0.0020768737793	-1.30920410156e-06	1511959194.6555202	
-12094.0	0.0020768737793	-1.30920410156e-06	1511959195.1554952	
-12205.0	0.0020768737793	-1.30920410156e-06	1511959195.6554887	
-12205.0	0.0020768737793	-1.30920410156e-06	1511959196.155504	
-12315.0	0.0020768737793	-1.30920410156e-06	1511959196.655633	
-12315.0	0.0020768737793	-1.30920410156e-06	1511959197.1555142	
-12426.0	0.0020768737793	-1.30920410156e-06	1511959197.6557453	
-12426.0	0.0020768737793	-1.30920410156e-06	1511959198.15599	
-12537.0	0.0020768737793	-1.30920410156e-06	1511959198.6556585	
-12537.0	0.00211318969727	-1.89056396484e-06	1511959199.1554542	
-12537.0	0.00211318969727	-1.89056396484e-06	1511959199.6556818	
-12648.0	0.00211318969727	-1.89056396484e-06	1511959200.1559238	
-12648.0	0.00211318969727	-1.89056396484e-06	1511959200.6556065	
-12759.0	0.00211318969727	-1.89056396484e-06	1511959201.1555014	
-12759.0	0.00211318969727	-1.89056396484e-06	1511959201.6556711	
-12870.0	0.00211318969727	-1.89056396484e-06	1511959202.1558728	
-12870.0	0.00211318969727	-1.89056396484e-06	1511959202.6555102	
-12981.0	0.00211318969727	-1.89056396484e-06	1511959203.1555183	
-12981.0	0.00211318969727	-1.89056396484e-06	1511959203.6555095	
-13091.0	0.00211318969727	-1.89056396484e-06	1511959204.155659	
-13091.0	0.00211318969727	-1.89056396484e-06	1511959204.6555054	
-13091.0	0.00211318969727	-1.89056396484e-06	1511959205.1557417	
-13202.0	0.00197967529297	-1.52359008789e-06	1511959205.6554945	
-13202.0	0.00197967529297	-1.52359008789e-06	1511959206.1554623	
-13313.0	0.00197967529297	-1.52359008789e-06	1511959206.655634	
-13313.0	0.00197967529297	-1.52359008789e-06	1511959207.1555004	
-13535.0	0.00197967529297	-1.52359008789e-06	1511959207.655494	
-13535.0	0.00197967529297	-1.52359008789e-06	1511959208.1558535	
-13646.0	0.00197967529297	-1.52359008789e-06	1511959208.6554728	
-13646.0	0.00197967529297	-1.52359008789e-06	1511959209.1555068	
-13756.0	0.00197967529297	-1.52359008789e-06	1511959209.6555953	
-13756.0	0.00197967529297	-1.52359008789e-06	1511959210.1555035	
-13756.0	0.00197967529297	-1.52359008789e-06	1511959210.6556888	
-13867.0	0.00197967529297	-1.52359008789e-06	1511959211.1556845	
-13867.0	0.00197967529297	-1.52359008789e-06	1511959211.65561	
-13978.0	0.00202850341797	-1.88217163086e-06	1511959212.1555042	
-13978.0	0.00202850341797	-1.88217163086e-06	1511959212.6555178	
-14089.0	0.00202850341797	-1.88217163086e-06	1511959213.1558936	
-14089.0	0.00202850341797	-1.88217163086e-06	1511959213.6556642	
-14200.0	0.00202850341797	-1.88217163086e-06	1511959214.155915	
-14200.0	0.00202850341797	-1.88217163086e-06	1511959214.6556466	
-14311.0	0.00202850341797	-1.88217163086e-06	1511959215.1556969	
-14311.0	0.00202850341797	-1.88217163086e-06	1511959215.6554935	
-14311.0	0.00202850341797	-1.88217163086e-06	1511959216.1560297	
-14422.0	0.00202850341797	-1.88217163086e-06	1511959216.6556427	
-14422.0	0.00202850341797	-1.88217163086e-06	1511959217.15551	
-14532.0	0.00202850341797	-1.88217163086e-06	1511959217.655648	
-14532.0	0.00202850341797	-1.88217163086e-06	1511959218.1555076	
-14643.0	0.00199172973633	-2.07366943359e-06	1511959218.6554503	
-14643.0	0.00199172973633	-2.07366943359e-06	1511959219.155839	
-14754.0	0.00199172973633	-2.07366943359e-06	1511959219.6556056	
-14754.0	0.00199172973633	-2.07366943359e-06	1511959220.155515	
-14865.0	0.00199172973633	-2.07366943359e-06	1511959220.6556895	
-14865.0	0.00199172973633	-2.07366943359e-06	1511959221.1557972	
-14865.0	0.00199172973633	-2.07366943359e-06	1511959221.6556609	
-14976.0	0.00199172973633	-2.07366943359e-06	1511959222.1555	
-14976.0	0.00199172973633	-2.07366943359e-06	1511959222.6554997	
-15087.0	0.00199172973633	-2.07366943359e-06	1511959223.1555026	
-15087.0	0.00199172973633	-2.07366943359e-06	1511959223.6556673	
-15198.0	0.00199172973633	-2.07366943359e-06	1511959224.1555026	
-15198.0	0.00199172973633	-2.07366943359e-06	1511959224.6556528	
-15308.0	0.00204116821289	-2.19802856445e-06	1511959225.1555052	
-15308.0	0.00204116821289	-2.19802856445e-06	1511959225.6555135	
-15419.0	0.00204116821289	-2.19802856445e-06	1511959226.1557186	
-15419.0	0.00204116821289	-2.19802856445e-06	1511959226.655638	
-15419.0	0.00204116821289	-2.19802856445e-06	1511959227.1554935	
-15530.0	0.00204116821289	-2.19802856445e-06	1511959227.6556625	
-15530.0	0.00204116821289	-2.19802856445e-06	1511959228.1556752	
-15641.0	0.00204116821289	-2.19802856445e-06	1511959228.6556695	
-15641.0	0.00204116821289	-2.19802856445e-06	1511959229.1560361	
-15752.0	0.00204116821289	-2.19802856445e-06	1511959229.6554894	
-15752.0	0.00204116821289	-2.19802856445e-06	1511959230.1560245	
-15752.0	0.00204116821289	-2.19802856445e-06	1511959230.6554964	
-15752.0	0.00204116821289	-2.19802856445e-06	1511959231.155518	
-15752.0	0.00210006713867	-2.89764404297e-06	1511959231.655511	
-15752.0	0.00210006713867	-2.89764404297e-06	1511959232.1558886	
-15752.0	0.00210006713867	-2.89764404297e-06	1511959232.6557784	
-16079.0	0.00210006713867	-2.89764404297e-06	1511959233.1558027	
-16079.0	0.00210006713867	-2.89764404297e-06	1511959233.6555073	
-16190.0	0.00210006713867	-2.89764404297e-06	1511959234.1559057	
-16190.0	0.00210006713867	-2.89764404297e-06	1511959234.6555157	
-16300.0	0.00210006713867	-2.89764404297e-06	1511959235.155495	
-16300.0	0.00210006713867	-2.89764404297e-06	1511959235.6556945	
-16411.0	0.00210006713867	-2.89764404297e-06	1511959236.155507	
-16411.0	0.00210006713867	-2.89764404297e-06	1511959236.6555026	
-16633.0	0.00210006713867	-2.89764404297e-06	1511959237.1555083	
-16633.0	0.00210006713867	-2.89764404297e-06	1511959237.655646	
-16633.0	0.00210296630859	-2.93655395508e-06	1511959238.1554978	
-16744.0	0.00210296630859	-2.93655395508e-06	1511959238.6557276	
-16744.0	0.00210296630859	-2.93655395508e-06	1511959239.155512	
-16855.0	0.00210296630859	-2.93655395508e-06	1511959239.6555	
-16855.0	0.00210296630859	-2.93655395508e-06	1511959240.1557298	
-16966.0	0.00210296630859	-2.93655395508e-06	1511959240.6556354	
-16966.0	0.00210296630859	-2.93655395508e-06	1511959241.1559074	
-17076.0	0.00210296630859	-2.93655395508e-06	1511959241.6555068	
-17076.0	0.00210296630859	-2.93655395508e-06	1511959242.155537	
-17187.0	0.00210296630859	-2.93655395508e-06	1511959242.6556318	
-17187.0	0.00210296630859	-2.93655395508e-06	1511959243.1557763	
-17187.0	0.00210296630859	-2.93655395508e-06	1511959243.6554966	
-17298.0	0.00210296630859	-2.93655395508e-06	1511959244.1554885	
-17298.0	0.00210815429688	-3.34854125977e-06	1511959244.6555035	
-17409.0	0.00210815429688	-3.34854125977e-06	1511959245.1555064	
-17409.0	0.00210815429688	-3.34854125977e-06	1511959245.6555178	
-17520.0	0.00210815429688	-3.34854125977e-06	1511959246.155499	
-17520.0	0.00210815429688	-3.34854125977e-06	1511959246.655657	
-17631.0	0.00210815429688	-3.34854125977e-06	1511959247.1557553	
-17631.0	0.00210815429688	-3.34854125977e-06	1511959247.6555035	
-17742.0	0.00210815429688	-3.34854125977e-06	1511959248.155474	
-17742.0	0.00210815429688	-3.34854125977e-06	1511959248.6556556	
-17742.0	0.00210815429688	-3.34854125977e-06	1511959249.1555178	
-17853.0	0.00210815429688	-3.34854125977e-06	1511959249.6556764	
-17853.0	0.00210815429688	-3.34854125977e-06	1511959250.1555164	
-17963.0	0.00210815429688	-3.34854125977e-06	1511959250.655744	
-17963.0	0.00204925537109	-3.39202880859e-06	1511959251.1554532	
-18074.0	0.00204925537109	-3.39202880859e-06	1511959251.6556356	
-18074.0	0.00204925537109	-3.39202880859e-06	1511959252.1559508	
-18185.0	0.00204925537109	-3.39202880859e-06	1511959252.6557517	
-18185.0	0.00204925537109	-3.39202880859e-06	1511959253.15551	
-18296.0	0.00204925537109	-3.39202880859e-06	1511959253.6556687	
-18296.0	0.00204925537109	-3.39202880859e-06	1511959254.155903	
-18296.0	0.00204925537109	-3.39202880859e-06	1511959254.6564043	
-18407.0	0.00204925537109	-3.39202880859e-06	1511959255.1555116	
-18407.0	0.00204925537109	-3.39202880859e-06	1511959255.655645	
-18518.0	0.00204925537109	-3.39202880859e-06	1511959256.155898	
-18518.0	0.00204925537109	-3.39202880859e-06	1511959256.6556628	
-18628.0	0.00204925537109	-3.39202880859e-06	1511959257.1558418	
-18628.0	0.00206039428711	-3.26690673828e-06	1511959257.6598568	
-18739.0	0.00206039428711	-3.26690673828e-06	1511959258.1555235	
-18739.0	0.00206039428711	-3.26690673828e-06	1511959258.655659	
-18850.0	0.00206039428711	-3.26690673828e-06	1511959259.155503	
-18850.0	0.00206039428711	-3.26690673828e-06	1511959259.6556566	
-18850.0	0.00206039428711	-3.26690673828e-06	1511959260.1557832	
-18961.0	0.00206039428711	-3.26690673828e-06	1511959260.655502	
-18961.0	0.00206039428711	-3.26690673828e-06	1511959261.1559508	
-19072.0	0.00206039428711	-3.26690673828e-06	1511959261.6557913	
-19072.0	0.00206039428711	-3.26690673828e-06	1511959262.1555088	
-19183.0	0.00206039428711	-3.26690673828e-06	1511959262.6556735	
-19183.0	0.00206039428711	-3.26690673828e-06	1511959263.1558044	
-19294.0	0.00206039428711	-3.26690673828e-06	1511959263.6557717	
-19294.0	0.00206039428711	-3.26690673828e-06	1511959264.1555097	
-19404.0	0.00210006713867	-4.4319152832e-06	1511959264.655735	
-19404.0	0.00210006713867	-4.4319152832e-06	1511959265.155619	
-19404.0	0.00210006713867	-4.4319152832e-06	1511959265.6556067	
-19515.0	0.00210006713867	-4.4319152832e-06	1511959266.155759	
-19515.0	0.00210006713867	-4.4319152832e-06	1511959266.6556163	
-19626.0	0.00210006713867	-4.4319152832e-06	1511959267.1555111	
-19626.0	0.00210006713867	-4.4319152832e-06	1511959267.6555145	
-19848.0	0.00210006713867	-4.4319152832e-06	1511959268.1555052	
-19848.0	0.00210006713867	-4.4319152832e-06	1511959268.6556468	
-19848.0	0.00210006713867	-4.4319152832e-06	1511959269.1555088	
-19848.0	0.00210006713867	-4.4319152832e-06	1511959269.6556637	
-20070.0	0.00210006713867	-4.4319152832e-06	1511959270.1557317	
-20070.0	0.00210006713867	-4.4319152832e-06	1511959270.6556542	
-20070.0	0.0021208190918	-5.42755126953e-06	1511959271.1555057	
-20181.0	0.0021208190918	-5.42755126953e-06	1511959271.6556325	
-20181.0	0.0021208190918	-5.42755126953e-06	1511959272.1555111	
-20292.0	0.0021208190918	-5.42755126953e-06	1511959272.6556427	
-20292.0	0.0021208190918	-5.42755126953e-06	1511959273.1557937	
-20403.0	0.0021208190918	-5.42755126953e-06	1511959273.6556342	
-20403.0	0.0021208190918	-5.42755126953e-06	1511959274.1555064	
-20513.0	0.0021208190918	-5.42755126953e-06	1511959274.655514	
-20513.0	0.0021208190918	-5.42755126953e-06	1511959275.1555107	
-20624.0	0.0021208190918	-5.42755126953e-06	1511959275.65557	
-20624.0	0.0021208190918	-5.42755126953e-06	1511959276.155972	
-20624.0	0.0021208190918	-5.42755126953e-06	1511959276.6555018	
-20735.0	0.0021208190918	-5.42755126953e-06	1511959277.155695	
-20735.0	0.00208770751953	-4.85382080078e-06	1511959277.6556556	
-20846.0	0.00208770751953	-4.85382080078e-06	1511959278.1554947	
-20846.0	0.00208770751953	-4.85382080078e-06	1511959278.6555173	
-20957.0	0.00208770751953	-4.85382080078e-06	1511959279.1558466	
-20957.0	0.00208770751953	-4.85382080078e-06	1511959279.6556656	
-21068.0	0.00208770751953	-4.85382080078e-06	1511959280.1557467	
-21068.0	0.00208770751953	-4.85382080078e-06	1511959280.6556365	
-21179.0	0.00208770751953	-4.85382080078e-06	1511959281.1556463	
-21179.0	0.00208770751953	-4.85382080078e-06	1511959281.6556354	
-21179.0	0.00208770751953	-4.85382080078e-06	1511959282.1559703	
-21290.0	0.00208770751953	-4.85382080078e-06	1511959282.6556509	
-21290.0	0.00208770751953	-4.85382080078e-06	1511959283.1555092	
-21400.0	0.00208770751953	-4.85382080078e-06	1511959283.6554904	
-21400.0	0.00207534790039	-4.59365844727e-06	1511959284.1555028	
-21511.0	0.00207534790039	-4.59365844727e-06	1511959284.6556427	
-21511.0	0.00207534790039	-4.59365844727e-06	1511959285.1556437	
-21622.0	0.00207534790039	-4.59365844727e-06	1511959285.6556828	
-21622.0	0.00207534790039	-4.59365844727e-06	1511959286.1555064	
-21733.0	0.00207534790039	-4.59365844727e-06	1511959286.655514	
-21733.0	0.00207534790039	-4.59365844727e-06	1511959287.1560326	
-21733.0	0.00207534790039	-4.59365844727e-06	1511959287.6556406	
-21844.0	0.00207534790039	-4.59365844727e-06	1511959288.155498	
-21844.0	0.00207534790039	-4.59365844727e-06	1511959288.6554906	
-21955.0	0.00207534790039	-4.59365844727e-06	1511959289.1557274	
-21955.0	0.00207534790039	-4.59365844727e-06	1511959289.6556783	
-22066.0	0.00207534790039	-4.59365844727e-06	1511959290.1558309	
-22066.0	0.00214096069336	-5.90286254883e-06	1511959290.6556199	
-22177.0	0.00214096069336	-5.90286254883e-06	1511959291.1558309	
-22177.0	0.00214096069336	-5.90286254883e-06	1511959291.655641	
-22287.0	0.00214096069336	-5.90286254883e-06	1511959292.1556582	
-22287.0	0.00214096069336	-5.90286254883e-06	1511959292.6556492	
-22287.0	0.00214096069336	-5.90286254883e-06	1511959293.1555026	
-22398.0	0.00214096069336	-5.90286254883e-06	1511959293.65567	
-22398.0	0.00214096069336	-5.90286254883e-06	1511959294.1555002	
-22509.0	0.00214096069336	-5.90286254883e-06	1511959294.6555064	
-22509.0	0.00214096069336	-5.90286254883e-06	1511959295.1554632	
-22620.0	0.00214096069336	-5.90286254883e-06	1511959295.6556497	
-22620.0	0.00214096069336	-5.90286254883e-06	1511959296.1555104	
-22731.0	0.00214096069336	-5.90286254883e-06	1511959296.6555045	
-22731.0	0.00208236694336	-7.09533691406e-06	1511959297.1555035	
-22842.0	0.00208236694336	-7.09533691406e-06	1511959297.6556823	
-22842.0	0.00208236694336	-7.09533691406e-06	1511959298.155518	
-22842.0	0.00208236694336	-7.09533691406e-06	1511959298.6556692	
-22953.0	0.00208236694336	-7.09533691406e-06	1511959299.1557808	
-22953.0	0.00208236694336	-7.09533691406e-06	1511959299.6556592	
-23174.0	0.00208236694336	-7.09533691406e-06	1511959300.1554997	
-23174.0	0.00208236694336	-7.09533691406e-06	1511959300.655507	

#$Filter:none
#$	0	1	 1
#$	1	op06	0.251188643150958
#$	2	op09*op09	0.015848931924611138
#$	3	op18*op18*op18	3.9810717055349725e-06
#$	4	ns12	1e-7
#$	5	0	 1e-22
#$POWER:19.8, mW
#$WAVELENGTH:1064,nm
#$OBJECT:PVDF40, bscat
position	ref	signal	Time
-23293.0	0.00208465576172	-7.53784179687e-06	1511959344.1640487	
-23293.0	0.00208465576172	-7.53784179687e-06	1511959344.6640718	
-23358.0	0.00208465576172	-7.53784179687e-06	1511959345.164081	
-23358.0	0.00208465576172	-7.53784179687e-06	1511959345.6640716	
-23469.0	0.00208465576172	-7.53784179687e-06	1511959346.1640675	
-23469.0	0.00208465576172	-7.53784179687e-06	1511959346.6640785	
-23580.0	0.00208465576172	-7.53784179687e-06	1511959347.1640635	
-23580.0	0.00208465576172	-7.53784179687e-06	1511959347.6640437	
-23580.0	0.00208465576172	-7.53784179687e-06	1511959348.1640646	
-23691.0	0.0021403503418	-1.92565917969e-05	1511959348.6640704	
-23691.0	0.0021403503418	-1.92565917969e-05	1511959349.1640637	
-23802.0	0.0021403503418	-1.92565917969e-05	1511959349.6641276	
-23802.0	0.0021403503418	-1.92565917969e-05	1511959350.1640842	
-23913.0	0.0021403503418	-1.92565917969e-05	1511959350.6640599	
-23913.0	0.0021403503418	-1.92565917969e-05	1511959351.1640766	
-24023.0	0.0021403503418	-1.92565917969e-05	1511959351.6644084	
-24023.0	0.0021403503418	-1.92565917969e-05	1511959352.1640782	
-24134.0	0.0021403503418	-1.92565917969e-05	1511959352.6640656	
-24134.0	0.0021403503418	-1.92565917969e-05	1511959353.1644552	
-24134.0	0.0021403503418	-1.92565917969e-05	1511959353.6640651	
-24245.0	0.0021403503418	-1.92565917969e-05	1511959354.1640992	
-24245.0	0.0021403503418	-1.92565917969e-05	1511959354.6640747	
-24356.0	0.00207809448242	-2.24227905273e-05	1511959355.1642485	
-24356.0	0.00207809448242	-2.24227905273e-05	1511959355.6640654	
-24467.0	0.00207809448242	-2.24227905273e-05	1511959356.164069	
-24467.0	0.00207809448242	-2.24227905273e-05	1511959356.664074	
-24578.0	0.00207809448242	-2.24227905273e-05	1511959357.1640651	
-24578.0	0.00207809448242	-2.24227905273e-05	1511959357.664073	
-24689.0	0.00207809448242	-2.24227905273e-05	1511959358.1643748	
-24689.0	0.00207809448242	-2.24227905273e-05	1511959358.6640594	
-24689.0	0.00207809448242	-2.24227905273e-05	1511959359.1641383	
-24799.0	0.00207809448242	-2.24227905273e-05	1511959359.6640673	
-24799.0	0.00207809448242	-2.24227905273e-05	1511959360.1646006	
-24910.0	0.00207809448242	-2.24227905273e-05	1511959360.664074	
-24910.0	0.00207809448242	-2.24227905273e-05	1511959361.1640818	
-25021.0	0.00203826904297	-2.07939147949e-05	1511959361.6640654	
-25021.0	0.00203826904297	-2.07939147949e-05	1511959362.1640816	
-25132.0	0.00203826904297	-2.07939147949e-05	1511959362.664065	
-25132.0	0.00203826904297	-2.07939147949e-05	1511959363.1640935	
-25354.0	0.00203826904297	-2.07939147949e-05	1511959363.6640687	
-25354.0	0.00203826904297	-2.07939147949e-05	1511959364.1643114	
-25354.0	0.00203826904297	-2.07939147949e-05	1511959364.6640706	
-25465.0	0.00203826904297	-2.07939147949e-05	1511959365.1640668	
-25465.0	0.00203826904297	-2.07939147949e-05	1511959365.6640828	
-25575.0	0.00203826904297	-2.07939147949e-05	1511959366.1641092	
-25575.0	0.00203826904297	-2.07939147949e-05	1511959366.6640692	
-25686.0	0.00203826904297	-2.07939147949e-05	1511959367.1640623	
-25686.0	0.00203826904297	-2.07939147949e-05	1511959367.6640697	
-25797.0	0.00210479736328	-2.42004394531e-05	1511959368.1640725	
-25797.0	0.00210479736328	-2.42004394531e-05	1511959368.6640813	
-25908.0	0.00210479736328	-2.42004394531e-05	1511959369.1640735	
-25908.0	0.00210479736328	-2.42004394531e-05	1511959369.6640751	
-25908.0	0.00210479736328	-2.42004394531e-05	1511959370.1640613	
-26019.0	0.00210479736328	-2.42004394531e-05	1511959370.6640632	
-26019.0	0.00210479736328	-2.42004394531e-05	1511959371.1641319	
-26130.0	0.00210479736328	-2.42004394531e-05	1511959371.6640632	

#$Filter:none
#$	0	1	 1
#$	1	op06	0.251188643150958
#$	2	op09*op09	0.015848931924611138
#$	3	op18*op18*op18	3.9810717055349725e-06
#$	4	ns12	1e-7
#$	5	0	 1e-22
#$POWER:19.8, mW
#$WAVELENGTH:1064,nm
#$OBJECT:PVDF40, bscat
position	ref	signal	Time
-26245.0	0.00199600219727	-5.30395507812e-05	1511959415.4362884	
-26245.0	0.00199600219727	-5.30395507812e-05	1511959415.9362786	
-26349.0	0.00199600219727	-5.30395507812e-05	1511959416.4362838	
-26349.0	0.00196899414063	-5.46417236328e-05	1511959416.9362288	
-26349.0	0.00196899414063	-5.46417236328e-05	1511959417.436535	
-26460.0	0.00196899414063	-5.46417236328e-05	1511959417.9366024	
-26460.0	0.00196899414063	-5.46417236328e-05	1511959418.4363008	
-26571.0	0.00196899414063	-5.46417236328e-05	1511959418.9362824	
-26571.0	0.00196899414063	-5.46417236328e-05	1511959419.4366431	
-26682.0	0.00196899414063	-5.46417236328e-05	1511959419.9362845	
-26682.0	0.00196899414063	-5.46417236328e-05	1511959420.436279	
-26793.0	0.00196899414063	-5.46417236328e-05	1511959420.9362829	
-26793.0	0.00196899414063	-5.46417236328e-05	1511959421.4362757	
-26904.0	0.00196899414063	-5.46417236328e-05	1511959421.9362755	
-26904.0	0.00196899414063	-5.46417236328e-05	1511959422.4367638	
-26904.0	0.00196899414063	-5.46417236328e-05	1511959422.9362705	
-27009.0	0.00207763671875	-6.45751953125e-05	1511959423.436253	
-27009.0	0.00207763671875	-6.45751953125e-05	1511959423.936851	
-27120.0	0.00207763671875	-6.45751953125e-05	1511959424.436277	
-27120.0	0.00207763671875	-6.45751953125e-05	1511959424.9364002	
-27231.0	0.00207763671875	-6.45751953125e-05	1511959425.4362795	
-27231.0	0.00207763671875	-6.45751953125e-05	1511959425.9362874	
-27342.0	0.00207763671875	-6.45751953125e-05	1511959426.4363222	
-27342.0	0.00207763671875	-6.45751953125e-05	1511959426.9362783	
-27452.0	0.00207763671875	-6.45751953125e-05	1511959427.436286	
-27452.0	0.00207763671875	-6.45751953125e-05	1511959427.9362926	
-27452.0	0.00207763671875	-6.45751953125e-05	1511959428.4363167	
-27563.0	0.00207763671875	-6.45751953125e-05	1511959428.9362745	
-27563.0	0.00207763671875	-6.45751953125e-05	1511959429.4367955	
-27674.0	0.00207977294922	-5.92956542969e-05	1511959429.943324	
-27674.0	0.00207977294922	-5.92956542969e-05	1511959430.4363422	
-27785.0	0.00207977294922	-5.92956542969e-05	1511959430.9362907	
-27785.0	0.00207977294922	-5.92956542969e-05	1511959431.4362893	
-27896.0	0.00207977294922	-5.92956542969e-05	1511959431.9362812	
-27896.0	0.00207977294922	-5.92956542969e-05	1511959432.4362931	
-28007.0	0.00207977294922	-5.92956542969e-05	1511959432.9362726	
-28007.0	0.00207977294922	-5.92956542969e-05	1511959433.4371042	
-28007.0	0.00207977294922	-5.92956542969e-05	1511959433.936291	
-28118.0	0.00207977294922	-5.92956542969e-05	1511959434.436287	
-28118.0	0.00207977294922	-5.92956542969e-05	1511959434.9362452	
-28228.0	0.00207977294922	-5.92956542969e-05	1511959435.436716	
-28228.0	0.00207977294922	-5.92956542969e-05	1511959435.9362967	
-28339.0	0.00207977294922	-5.92956542969e-05	1511959436.436294	
-28339.0	0.00205001831055	-8.49456787109e-05	1511959436.9362867	
-28450.0	0.00205001831055	-8.49456787109e-05	1511959437.4363103	
-28450.0	0.00205001831055	-8.49456787109e-05	1511959437.9362948	
-28672.0	0.00205001831055	-8.49456787109e-05	1511959438.436282	
-28672.0	0.00205001831055	-8.49456787109e-05	1511959438.9362931	
-28672.0	0.00205001831055	-8.49456787109e-05	1511959439.4362714	
-28783.0	0.00205001831055	-8.49456787109e-05	1511959439.936286	
-28783.0	0.00205001831055	-8.49456787109e-05	1511959440.4362676	
-28894.0	0.00205001831055	-8.49456787109e-05	1511959440.9362795	
-28894.0	0.00205001831055	-8.49456787109e-05	1511959441.4367752	
-29004.0	0.00205001831055	-8.49456787109e-05	1511959441.9362836	
-29004.0	0.00205001831055	-8.49456787109e-05	1511959442.4367816	
-29115.0	0.00205001831055	-8.49456787109e-05	1511959442.9366293	
-29115.0	0.00218612670898	-9.82208251953e-05	1511959443.4362876	
-29226.0	0.00218612670898	-9.82208251953e-05	1511959443.9362829	
-29226.0	0.00218612670898	-9.82208251953e-05	1511959444.4362886	
-29226.0	0.00218612670898	-9.82208251953e-05	1511959444.9362843	
-29337.0	0.00218612670898	-9.82208251953e-05	1511959445.4363215	
-29337.0	0.00218612670898	-9.82208251953e-05	1511959445.9364552	
-29448.0	0.00218612670898	-9.82208251953e-05	1511959446.4362764	
-29448.0	0.00218612670898	-9.82208251953e-05	1511959446.9362764	
-29559.0	0.00218612670898	-9.82208251953e-05	1511959447.4362845	
-29559.0	0.00218612670898	-9.82208251953e-05	1511959447.936275	
-29669.0	0.00218612670898	-9.82208251953e-05	1511959448.4362829	
-29669.0	0.00218612670898	-9.82208251953e-05	1511959448.9362307	
-29780.0	0.00218612670898	-9.82208251953e-05	1511959449.4362845	
-29780.0	0.00213439941406	-0.000113662719727	1511959449.9362304	
-29780.0	0.00213439941406	-0.000113662719727	1511959450.436277	
-29891.0	0.00213439941406	-0.000113662719727	1511959450.936285	
-29891.0	0.00213439941406	-0.000113662719727	1511959451.436323	
-30002.0	0.00213439941406	-0.000113662719727	1511959451.9368117	
-30002.0	0.00213439941406	-0.000113662719727	1511959452.4363859	
-30113.0	0.00213439941406	-0.000113662719727	1511959452.9362807	
-30113.0	0.00213439941406	-0.000113662719727	1511959453.4362783	
-30224.0	0.00213439941406	-0.000113662719727	1511959453.9362814	
-30224.0	0.00213439941406	-0.000113662719727	1511959454.436289	
-30334.0	0.00213439941406	-0.000113662719727	1511959454.936289	
-30334.0	0.00213439941406	-0.000113662719727	1511959455.4363244	
-30334.0	0.00213439941406	-0.000113662719727	1511959455.9362814	
-30445.0	0.00205505371094	-7.97271728516e-05	1511959456.4362843	
-30445.0	0.00205505371094	-7.97271728516e-05	1511959456.936284	
-30556.0	0.00205505371094	-7.97271728516e-05	1511959457.4362824	
-30556.0	0.00205505371094	-7.97271728516e-05	1511959457.9362767	
-30667.0	0.00205505371094	-7.97271728516e-05	1511959458.436285	
-30667.0	0.00205505371094	-7.97271728516e-05	1511959458.936293	

#$Filter:none
#$	0	1	 1
#$	1	op06	0.251188643150958
#$	2	op09*op09	0.015848931924611138
#$	3	op18*op18*op18	3.9810717055349725e-06
#$	4	ns12	1e-7
#$	5	0	 1e-22
#$POWER:19.8, mW
#$WAVELENGTH:1064,nm
#$OBJECT:PVDF40, bscat
position	ref	signal	Time
-30875.0	0.00211303710937	-7.49206542969e-06	1511959710.4603584	
-30875.0	0.00211303710937	-7.49206542969e-06	1511959710.9603503	
-30875.0	0.00211303710937	-7.49206542969e-06	1511959711.4603856	
-30875.0	0.00203384399414	-6.98852539063e-06	1511959711.9603512	
-30875.0	0.00203384399414	-6.98852539063e-06	1511959712.460371	
-30875.0	0.00203384399414	-6.98852539063e-06	1511959712.960373	
-30875.0	0.00203384399414	-6.98852539063e-06	1511959713.4603953	
-30875.0	0.00203384399414	-6.98852539063e-06	1511959713.9603603	
-30875.0	0.00203384399414	-6.98852539063e-06	1511959714.4609013	
-30875.0	0.00203384399414	-6.98852539063e-06	1511959714.9603348	
-30875.0	0.00203384399414	-6.98852539063e-06	1511959715.4603174	
-30875.0	0.00203384399414	-6.98852539063e-06	1511959715.9607108	
-30875.0	0.00203384399414	-6.98852539063e-06	1511959716.4603555	
-30875.0	0.00203384399414	-6.98852539063e-06	1511959716.9603155	
-30875.0	0.00203384399414	-6.98852539063e-06	1511959717.4603577	
-30875.0	0.00203384399414	-6.98852539063e-06	1511959717.9603732	
-30875.0	0.00201187133789	-5.02777099609e-06	1511959718.4603121	
-30875.0	0.00201187133789	-5.02777099609e-06	1511959718.9603257	
-30875.0	0.00201187133789	-5.02777099609e-06	1511959719.4603631	
-30875.0	0.00201187133789	-5.02777099609e-06	1511959719.9609284	
-30875.0	0.00201187133789	-5.02777099609e-06	1511959720.460344	
-30875.0	0.00201187133789	-5.02777099609e-06	1511959720.960375	
-30875.0	0.00201187133789	-5.02777099609e-06	1511959721.4608026	
-30875.0	0.00201187133789	-5.02777099609e-06	1511959721.9642808	
-30875.0	0.00201187133789	-5.02777099609e-06	1511959722.4605637	
-30875.0	0.00201187133789	-5.02777099609e-06	1511959722.96036	
-30875.0	0.00201187133789	-5.02777099609e-06	1511959723.4604232	
-30875.0	0.00201187133789	-5.02777099609e-06	1511959723.9603581	
-30875.0	0.00201187133789	-5.02777099609e-06	1511959724.46042	
-30875.0	0.00201187133789	-5.02777099609e-06	1511959724.9607847	
-30875.0	0.00205856323242	-3.02505493164e-06	1511959725.4606085	
-30875.0	0.00205856323242	-3.02505493164e-06	1511959725.960328	
-30875.0	0.00205856323242	-3.02505493164e-06	1511959726.4604208	
-30875.0	0.00205856323242	-3.02505493164e-06	1511959726.9604416	
-30875.0	0.00205856323242	-3.02505493164e-06	1511959727.4603653	
-30875.0	0.00205856323242	-3.02505493164e-06	1511959727.9606636	
-30875.0	0.00205856323242	-3.02505493164e-06	1511959728.4603624	
-30875.0	0.00205856323242	-3.02505493164e-06	1511959728.9603684	
-30875.0	0.00205856323242	-3.02505493164e-06	1511959729.4603567	
-30875.0	0.00205856323242	-3.02505493164e-06	1511959729.9603724	
-30875.0	0.00205856323242	-3.02505493164e-06	1511959730.4603643	
-30875.0	0.00205856323242	-3.02505493164e-06	1511959730.9603713	
-30875.0	0.00205856323242	-3.02505493164e-06	1511959731.4603386	
-30875.0	0.00206192016602	-3.73840332031e-06	1511959731.9603727	
-30875.0	0.00206192016602	-3.73840332031e-06	1511959732.460537	
-30875.0	0.00206192016602	-3.73840332031e-06	1511959732.960357	
-30875.0	0.00206192016602	-3.73840332031e-06	1511959733.460412	
-30875.0	0.00206192016602	-3.73840332031e-06	1511959733.9603643	
-30875.0	0.00206192016602	-3.73840332031e-06	1511959734.4604015	
-30875.0	0.00206192016602	-3.73840332031e-06	1511959734.9603622	
-30875.0	0.00206192016602	-3.73840332031e-06	1511959735.4605846	
-30875.0	0.00206192016602	-3.73840332031e-06	1511959735.9603672	
-30875.0	0.00206192016602	-3.73840332031e-06	1511959736.4604185	
-30875.0	0.00206192016602	-3.73840332031e-06	1511959736.9603286	
-30875.0	0.00206192016602	-3.73840332031e-06	1511959737.4608102	
-30875.0	0.00206192016602	-3.73840332031e-06	1511959737.9607363	
-30875.0	0.00207290649414	-3.44848632813e-06	1511959738.4603643	
-30875.0	0.00207290649414	-3.44848632813e-06	1511959738.9603682	
-30875.0	0.00207290649414	-3.44848632813e-06	1511959739.4603646	
-30875.0	0.00207290649414	-3.44848632813e-06	1511959739.9605834	
-30875.0	0.00207290649414	-3.44848632813e-06	1511959740.4603646	
-30875.0	0.00207290649414	-3.44848632813e-06	1511959740.9603713	
-30875.0	0.00207290649414	-3.44848632813e-06	1511959741.46037	
-30875.0	0.00207290649414	-3.44848632813e-06	1511959741.9603615	

#$Filter:none
#$	0	1	 1
#$	1	op06	0.251188643150958
#$	2	op09*op09	0.015848931924611138
#$	3	op18*op18*op18	3.9810717055349725e-06
#$	4	ns12	1e-7
#$	5	0	 1e-22
#$POWER:19.8, mW
#$WAVELENGTH:1064,nm
#$OBJECT:PVDF40, bscat
position	ref	signal	Time
-30875.0	0.00208206176758	-1.17034912109e-06	1511959818.064788	
-30875.0	0.00208206176758	-1.17034912109e-06	1511959818.5647714	
-30875.0	0.00212936401367	-2.26745605469e-06	1511959819.064769	
-30875.0	0.00212936401367	-2.26745605469e-06	1511959819.564777	
-30875.0	0.00212936401367	-2.26745605469e-06	1511959820.0647855	
-30875.0	0.00212936401367	-2.26745605469e-06	1511959820.5647638	
-30875.0	0.00212936401367	-2.26745605469e-06	1511959821.064778	
-30875.0	0.00212936401367	-2.26745605469e-06	1511959821.5647807	
-30875.0	0.00212936401367	-2.26745605469e-06	1511959822.0647697	
-30875.0	0.00212936401367	-2.26745605469e-06	1511959822.5650792	
-30875.0	0.00212936401367	-2.26745605469e-06	1511959823.0647557	
-30875.0	0.00212936401367	-2.26745605469e-06	1511959823.5648565	
-30875.0	0.00212936401367	-2.26745605469e-06	1511959824.0647533	
-30875.0	0.00212936401367	-2.26745605469e-06	1511959824.5647683	
-30875.0	0.00212936401367	-2.26745605469e-06	1511959825.0647573	
-30875.0	0.00210494995117	-1.37634277344e-06	1511959825.5647686	
-30875.0	0.00210494995117	-1.37634277344e-06	1511959826.0648263	
-30875.0	0.00210494995117	-1.37634277344e-06	1511959826.5647836	
-30875.0	0.00210494995117	-1.37634277344e-06	1511959827.064783	
-30875.0	0.00210494995117	-1.37634277344e-06	1511959827.5651999	
-30875.0	0.00210494995117	-1.37634277344e-06	1511959828.0647843	
-30875.0	0.00210494995117	-1.37634277344e-06	1511959828.5650384	
-30875.0	0.00210494995117	-1.37634277344e-06	1511959829.0647912	
-30875.0	0.00210494995117	-1.37634277344e-06	1511959829.5647602	
-30875.0	0.00210494995117	-1.37634277344e-06	1511959830.0647848	
-30875.0	0.00210494995117	-1.37634277344e-06	1511959830.5647979	
-30875.0	0.00210494995117	-1.37634277344e-06	1511959831.0647755	
-30875.0	0.00210494995117	-1.37634277344e-06	1511959831.5647604	
-30875.0	0.00210205078125	-1.13525390625e-06	1511959832.0647852	
-30875.0	0.00210205078125	-1.13525390625e-06	1511959832.5647929	
-30875.0	0.00210205078125	-1.13525390625e-06	1511959833.064772	
-30875.0	0.00210205078125	-1.13525390625e-06	1511959833.5649714	
-30875.0	0.00210205078125	-1.13525390625e-06	1511959834.0647726	
-30875.0	0.00210205078125	-1.13525390625e-06	1511959834.6817088	
-30875.0	0.00210205078125	-1.13525390625e-06	1511959835.0647721	
-30875.0	0.00210205078125	-1.13525390625e-06	1511959835.5647786	
-30875.0	0.00210205078125	-1.13525390625e-06	1511959836.064774	
-30875.0	0.00210205078125	-1.13525390625e-06	1511959836.5647917	
-30875.0	0.00210205078125	-1.13525390625e-06	1511959837.064813	
-30875.0	0.00210205078125	-1.13525390625e-06	1511959837.565319	
-30875.0	0.00210205078125	-1.13525390625e-06	1511959838.1021767	
-30875.0	0.0020524597168	-1.22375488281e-06	1511959838.5648136	
-30875.0	0.0020524597168	-1.22375488281e-06	1511959839.0647678	
-30875.0	0.0020524597168	-1.22375488281e-06	1511959839.5650928	
-30875.0	0.0020524597168	-1.22375488281e-06	1511959840.0647712	
-30875.0	0.0020524597168	-1.22375488281e-06	1511959840.5650494	
-30875.0	0.0020524597168	-1.22375488281e-06	1511959841.0647745	
-30875.0	0.0020524597168	-1.22375488281e-06	1511959841.5647588	
-30875.0	0.0020524597168	-1.22375488281e-06	1511959842.0647674	
-30875.0	0.0020524597168	-1.22375488281e-06	1511959842.564778	
-30875.0	0.0020524597168	-1.22375488281e-06	1511959843.0647736	
-30875.0	0.0020524597168	-1.22375488281e-06	1511959843.5650098	
-30875.0	0.0020524597168	-1.22375488281e-06	1511959844.0647576	
-30875.0	0.0020524597168	-1.22375488281e-06	1511959844.564777	
-30875.0	0.00207534790039	-9.53674316406e-07	1511959845.0647862	
-30875.0	0.00207534790039	-9.53674316406e-07	1511959845.5647848	
-30875.0	0.00207534790039	-9.53674316406e-07	1511959846.064782	
-30875.0	0.00207534790039	-9.53674316406e-07	1511959846.5647757	
-30875.0	0.00207534790039	-9.53674316406e-07	1511959847.064759	
-30875.0	0.00207534790039	-9.53674316406e-07	1511959847.5649338	
-30875.0	0.00207534790039	-9.53674316406e-07	1511959848.0648003	
-30875.0	0.00207534790039	-9.53674316406e-07	1511959848.5647898	
-30875.0	0.00207534790039	-9.53674316406e-07	1511959849.0647821	
-30875.0	0.00207534790039	-9.53674316406e-07	1511959849.6187305	
-30875.0	0.00207534790039	-9.53674316406e-07	1511959850.0647764	
-30875.0	0.00207534790039	-9.53674316406e-07	1511959850.5647714	
-30875.0	0.00207534790039	-9.53674316406e-07	1511959851.0647686	
-30875.0	0.00212921142578	-1.30767822266e-06	1511959851.5647736	
-30875.0	0.00212921142578	-1.30767822266e-06	1511959852.064773	

#$Filter:none
#$	0	1	 1
#$	1	op06	0.251188643150958
#$	2	op09*op09	0.015848931924611138
#$	3	op18*op18*op18	3.9810717055349725e-06
#$	4	ns12	1e-7
#$	5	0	 1e-22
#$POWER:19.8, mW
#$WAVELENGTH:1064,nm
#$OBJECT:PVDF40, bscat
position	ref	signal	Time
0.0	0.00198669433594	-1.13525390625e-06	1511960427.463183	
0.0	0.00198669433594	-1.13525390625e-06	1511960427.9629803	
0.0	0.00198669433594	-1.13525390625e-06	1511960428.4630713	
0.0	0.00198669433594	-1.13525390625e-06	1511960428.9631865	
0.0	0.00198669433594	-1.13525390625e-06	1511960429.4630096	
0.0	0.00198669433594	-1.13525390625e-06	1511960429.962978	
0.0	0.00198669433594	-1.13525390625e-06	1511960430.4629807	
0.0	0.00198501586914	-9.07897949219e-07	1511960430.9629226	
0.0	0.00198501586914	-9.07897949219e-07	1511960431.4629447	
0.0	0.00198501586914	-9.07897949219e-07	1511960431.9629765	
0.0	0.00198501586914	-9.07897949219e-07	1511960432.4629614	
0.0	0.00198501586914	-9.07897949219e-07	1511960432.9629824	
0.0	0.00198501586914	-9.07897949219e-07	1511960433.4629622	
0.0	0.00198501586914	-9.07897949219e-07	1511960433.9629772	
0.0	0.00198501586914	-9.07897949219e-07	1511960434.462932	
0.0	0.00198501586914	-9.07897949219e-07	1511960434.962977	
0.0	0.00198501586914	-9.07897949219e-07	1511960435.4631064	
0.0	0.00198501586914	-9.07897949219e-07	1511960435.9629726	
0.0	0.00198501586914	-9.07897949219e-07	1511960436.4629905	
0.0	0.00198501586914	-9.07897949219e-07	1511960436.9629605	
0.0	0.00205154418945	-1.34429931641e-06	1511960437.462975	
0.0	0.00205154418945	-1.34429931641e-06	1511960437.9629576	

#$Filter:none
#$	0	1	 1
#$	1	op06	0.251188643150958
#$	2	op09*op09	0.015848931924611138
#$	3	op18*op18*op18	3.9810717055349725e-06
#$	4	ns12	1e-7
#$	5	0	 1e-22
#$POWER:19.8, mW
#$WAVELENGTH:1064,nm
#$OBJECT:PVDF40, bscat
position	ref	signal	Time
0.0	0.00204055786133	-1.1474609375e-06	1511960553.0813003	
0.0	0.00204055786133	-1.1474609375e-06	1511960553.5815775	
0.0	0.00204055786133	-1.1474609375e-06	1511960554.0813003	
-86.0	0.00204055786133	-1.1474609375e-06	1511960554.5815065	
-86.0	0.00207382202148	-1.05743408203e-06	1511960555.0813797	
-197.0	0.00207382202148	-1.05743408203e-06	1511960555.581486	
-197.0	0.00207382202148	-1.05743408203e-06	1511960556.0813127	
-197.0	0.00207382202148	-1.05743408203e-06	1511960556.5813227	
-308.0	0.00207382202148	-1.05743408203e-06	1511960557.0813074	
-308.0	0.00207382202148	-1.05743408203e-06	1511960557.58217	
-419.0	0.00207382202148	-1.05743408203e-06	1511960558.0812995	
-419.0	0.00207382202148	-1.05743408203e-06	1511960558.5812974	
-529.0	0.00207382202148	-1.05743408203e-06	1511960559.085972	
-529.0	0.00207382202148	-1.05743408203e-06	1511960559.5814273	
-640.0	0.00207382202148	-1.05743408203e-06	1511960560.0813093	
-640.0	0.00207382202148	-1.05743408203e-06	1511960560.5813155	
-862.0	0.00207382202148	-1.05743408203e-06	1511960561.081435	
-862.0	0.00200805664063	-1.17492675781e-06	1511960561.5813024	
-862.0	0.00200805664063	-1.17492675781e-06	1511960562.081345	
-973.0	0.00200805664063	-1.17492675781e-06	1511960562.581308	
-973.0	0.00200805664063	-1.17492675781e-06	1511960563.0812762	
-1084.0	0.00200805664063	-1.17492675781e-06	1511960563.586066	
-1084.0	0.00200805664063	-1.17492675781e-06	1511960564.0813234	
-1195.0	0.00200805664063	-1.17492675781e-06	1511960564.581557	
-1195.0	0.00200805664063	-1.17492675781e-06	1511960565.0812838	
-1305.0	0.00200805664063	-1.17492675781e-06	1511960565.5812979	
-1305.0	0.00200805664063	-1.17492675781e-06	1511960566.0813107	
-1416.0	0.00200805664063	-1.17492675781e-06	1511960566.5812905	
-1416.0	0.00200805664063	-1.17492675781e-06	1511960567.0812712	
-1416.0	0.00200805664063	-1.17492675781e-06	1511960567.581663	
-1527.0	0.00209350585938	-4.51202392578e-06	1511960568.081308	
-1527.0	0.00209350585938	-4.51202392578e-06	1511960568.5813012	
-1638.0	0.00209350585938	-4.51202392578e-06	1511960569.0892165	
-1638.0	0.00209350585938	-4.51202392578e-06	1511960569.581282	
-1749.0	0.00209350585938	-4.51202392578e-06	1511960570.0813026	
-1749.0	0.00209350585938	-4.51202392578e-06	1511960570.5813034	
-1860.0	0.00209350585938	-4.51202392578e-06	1511960571.0813146	
-1860.0	0.00209350585938	-4.51202392578e-06	1511960571.5902722	
-1971.0	0.00209350585938	-4.51202392578e-06	1511960572.0812738	
-1971.0	0.00209350585938	-4.51202392578e-06	1511960572.5813038	
-1971.0	0.00209350585938	-4.51202392578e-06	1511960573.0813053	
-2082.0	0.00209350585938	-4.51202392578e-06	1511960573.5815005	
-2082.0	0.00209350585938	-4.51202392578e-06	1511960574.0814683	
-2192.0	0.00197692871094	-4.94995117187e-06	1511960574.5813046	
-2192.0	0.00197692871094	-4.94995117187e-06	1511960575.0812988	
-2303.0	0.00197692871094	-4.94995117187e-06	1511960575.5813873	
-2303.0	0.00197692871094	-4.94995117187e-06	1511960576.0812733	
-2414.0	0.00197692871094	-4.94995117187e-06	1511960576.581289	
-2414.0	0.00197692871094	-4.94995117187e-06	1511960577.0812986	
-2525.0	0.00197692871094	-4.94995117187e-06	1511960577.5813143	
-2525.0	0.00197692871094	-4.94995117187e-06	1511960578.0813138	
-2525.0	0.00197692871094	-4.94995117187e-06	1511960578.5813098	
-2636.0	0.00197692871094	-4.94995117187e-06	1511960579.0813096	

#$Filter:none
#$	0	1	 1
#$	1	op06	0.251188643150958
#$	2	op09*op09	0.015848931924611138
#$	3	op18*op18*op18	3.9810717055349725e-06
#$	4	ns12	1e-7
#$	5	0	 1e-22
#$POWER:19.8, mW
#$WAVELENGTH:1064,nm
#$OBJECT:PVDF40, bscat
position	ref	signal	Time
-2772.0	0.00208267211914	-8.66241455078e-05	1511960653.7186787	
-2772.0	0.00208267211914	-8.66241455078e-05	1511960654.2184203	
-2790.0	0.00208267211914	-8.66241455078e-05	1511960654.718742	
-2790.0	0.00208267211914	-8.66241455078e-05	1511960655.2184222	
-2901.0	0.00208267211914	-8.66241455078e-05	1511960655.7186205	
-2901.0	0.00208267211914	-8.66241455078e-05	1511960656.2185829	
-3012.0	0.00208267211914	-8.66241455078e-05	1511960656.7184718	
-3012.0	0.00204849243164	-6.86645507812e-05	1511960657.2184327	
-3012.0	0.00204849243164	-6.86645507812e-05	1511960657.7184286	
-3233.0	0.00204849243164	-6.86645507812e-05	1511960658.2184148	
-3233.0	0.00204849243164	-6.86645507812e-05	1511960658.7185988	
-3344.0	0.00204849243164	-6.86645507812e-05	1511960659.218436	
-3344.0	0.00204849243164	-6.86645507812e-05	1511960659.7185152	
-3455.0	0.00204849243164	-6.86645507812e-05	1511960660.21853	
-3455.0	0.00204849243164	-6.86645507812e-05	1511960660.7184176	
-3566.0	0.00204849243164	-6.86645507812e-05	1511960661.2186708	
-3566.0	0.00204849243164	-6.86645507812e-05	1511960661.718585	
-3677.0	0.00204849243164	-6.86645507812e-05	1511960662.218674	
-3677.0	0.00204849243164	-6.86645507812e-05	1511960662.7184227	
-3677.0	0.00204849243164	-6.86645507812e-05	1511960663.2184181	
-3788.0	0.00200729370117	-0.000113739013672	1511960663.7184203	
-3788.0	0.00200729370117	-0.000113739013672	1511960664.2185771	
-3898.0	0.00200729370117	-0.000113739013672	1511960664.7185926	
-3898.0	0.00200729370117	-0.000113739013672	1511960665.2184272	
-4009.0	0.00200729370117	-0.000113739013672	1511960665.718432	
-4009.0	0.00200729370117	-0.000113739013672	1511960666.2184207	
-4120.0	0.00200729370117	-0.000113739013672	1511960666.7184267	
-4120.0	0.00200729370117	-0.000113739013672	1511960667.2184067	
-4231.0	0.00200729370117	-0.000113739013672	1511960667.7185855	
-4231.0	0.00200729370117	-0.000113739013672	1511960668.2184138	
-4231.0	0.00200729370117	-0.000113739013672	1511960668.7184298	
-4231.0	0.00200729370117	-0.000113739013672	1511960669.2184021	
-4231.0	0.00200729370117	-0.000113739013672	1511960669.7186353	
-4231.0	0.00201705932617	-0.00011213684082	1511960670.2184148	
-4231.0	0.00201705932617	-0.00011213684082	1511960670.718565	
-4558.0	0.00201705932617	-0.00011213684082	1511960671.2185209	
-4558.0	0.00201705932617	-0.00011213684082	1511960671.7185717	
-4669.0	0.00201705932617	-0.00011213684082	1511960672.218512	
-4669.0	0.00201705932617	-0.00011213684082	1511960672.7189064	
-4780.0	0.00201705932617	-0.00011213684082	1511960673.21852	
-4780.0	0.00201705932617	-0.00011213684082	1511960673.7184165	
-4780.0	0.00201705932617	-0.00011213684082	1511960674.2184217	
-4891.0	0.00201705932617	-0.00011213684082	1511960674.7188866	
-4891.0	0.00201705932617	-0.00011213684082	1511960675.2184863	
-5002.0	0.00201705932617	-0.00011213684082	1511960675.7185528	
-5002.0	0.00201705932617	-0.00011213684082	1511960676.218434	
-5113.0	0.00212310791016	-0.000118713378906	1511960676.7184484	
-5113.0	0.00212310791016	-0.000118713378906	1511960677.2184203	
-5224.0	0.00212310791016	-0.000118713378906	1511960677.7184217	
-5224.0	0.00212310791016	-0.000118713378906	1511960678.2184312	
-5334.0	0.00212310791016	-0.000118713378906	1511960678.7184758	
-5334.0	0.00212310791016	-0.000118713378906	1511960679.218432	
-5334.0	0.00212310791016	-0.000118713378906	1511960679.7184305	
-5445.0	0.00212310791016	-0.000118713378906	1511960680.2184296	
-5445.0	0.00212310791016	-0.000118713378906	1511960680.7187235	
-5556.0	0.00212310791016	-0.000118713378906	1511960681.2184196	
-5556.0	0.00212310791016	-0.000118713378906	1511960681.7184289	
-5667.0	0.00212310791016	-0.000118713378906	1511960682.2184937	
-5667.0	0.00212310791016	-0.000118713378906	1511960682.718947	
-5778.0	0.00210357666016	-0.000107543945312	1511960683.218419	
-5778.0	0.00210357666016	-0.000107543945312	1511960683.7185493	
-5889.0	0.00210357666016	-0.000107543945312	1511960684.2184975	
-5889.0	0.00210357666016	-0.000107543945312	1511960684.7184346	
-5889.0	0.00210357666016	-0.000107543945312	1511960685.2184145	
-6000.0	0.00210357666016	-0.000107543945312	1511960685.7185926	
-6000.0	0.00210357666016	-0.000107543945312	1511960686.2184262	
-6111.0	0.00210357666016	-0.000107543945312	1511960686.7184296	
-6111.0	0.00210357666016	-0.000107543945312	1511960687.2184277	
-6332.0	0.00210357666016	-0.000107543945312	1511960687.7184255	
-6332.0	0.00210357666016	-0.000107543945312	1511960688.218428	
-6443.0	0.00210357666016	-0.000107543945312	1511960688.7184286	
-6443.0	0.00210357666016	-0.000107543945312	1511960689.2184298	
-6554.0	0.00208633422852	-8.72650146484e-05	1511960689.7186463	
-6554.0	0.00208633422852	-8.72650146484e-05	1511960690.218423	
-6554.0	0.00208633422852	-8.72650146484e-05	1511960690.7184315	
-6665.0	0.00208633422852	-8.72650146484e-05	1511960691.2184224	
-6665.0	0.00208633422852	-8.72650146484e-05	1511960691.7184305	

#$Filter:none
#$	0	1	 1
#$	1	op06	0.251188643150958
#$	2	op09*op09	0.015848931924611138
#$	3	op18*op18*op18	3.9810717055349725e-06
#$	4	ns12	1e-7
#$	5	0	 1e-22
#$POWER:19.8, mW
#$WAVELENGTH:1064,nm
#$OBJECT:PVDF40, bscat
position	ref	signal	Time
-6813.0	0.00207443237305	-6.57958984375e-05	1511960733.4294953	
-6829.0	0.00207443237305	-6.57958984375e-05	1511960733.929485	
-6829.0	0.00207443237305	-6.57958984375e-05	1511960734.4294822	
-6940.0	0.00207443237305	-6.57958984375e-05	1511960734.9294844	
-6940.0	0.00204223632813	-6.6276550293e-05	1511960735.4295115	
-7050.0	0.00204223632813	-6.6276550293e-05	1511960735.929642	
-7050.0	0.00204223632813	-6.6276550293e-05	1511960736.4296253	
-7050.0	0.00204223632813	-6.6276550293e-05	1511960736.9298902	
-7161.0	0.00204223632813	-6.6276550293e-05	1511960737.4294753	
-7161.0	0.00204223632813	-6.6276550293e-05	1511960737.9297478	
-7272.0	0.00204223632813	-6.6276550293e-05	1511960738.4296167	
-7272.0	0.00204223632813	-6.6276550293e-05	1511960738.9295008	
-7383.0	0.00204223632813	-6.6276550293e-05	1511960739.4295633	
-7383.0	0.00204223632813	-6.6276550293e-05	1511960739.9300256	
-7494.0	0.00204223632813	-6.6276550293e-05	1511960740.4295173	
-7494.0	0.00204223632813	-6.6276550293e-05	1511960740.9294925	
-7605.0	0.00204223632813	-6.6276550293e-05	1511960741.429686	
-7605.0	0.0021549987793	-7.30361938477e-05	1511960741.929742	
-7605.0	0.0021549987793	-7.30361938477e-05	1511960742.4294963	
-7716.0	0.0021549987793	-7.30361938477e-05	1511960742.9296265	
-7716.0	0.0021549987793	-7.30361938477e-05	1511960743.4294794	
-7827.0	0.0021549987793	-7.30361938477e-05	1511960743.9295883	
-7827.0	0.0021549987793	-7.30361938477e-05	1511960744.429486	
-7938.0	0.0021549987793	-7.30361938477e-05	1511960744.9294817	
-7938.0	0.0021549987793	-7.30361938477e-05	1511960745.429432	
-8049.0	0.0021549987793	-7.30361938477e-05	1511960745.9294798	
-8049.0	0.0021549987793	-7.30361938477e-05	1511960746.4294884	
-8159.0	0.0021549987793	-7.30361938477e-05	1511960746.929485	
-8159.0	0.0021549987793	-7.30361938477e-05	1511960747.4294946	
-8159.0	0.0021549987793	-7.30361938477e-05	1511960747.929551	
-8270.0	0.00199005126953	-7.02667236328e-05	1511960748.4294417	
-8270.0	0.00199005126953	-7.02667236328e-05	1511960748.9295044	
-8381.0	0.00199005126953	-7.02667236328e-05	1511960749.4296415	
-8381.0	0.00199005126953	-7.02667236328e-05	1511960749.930081	
-8492.0	0.00199005126953	-7.02667236328e-05	1511960750.4295247	
-8492.0	0.00199005126953	-7.02667236328e-05	1511960750.9297817	
-8714.0	0.00199005126953	-7.02667236328e-05	1511960751.4295645	
-8714.0	0.00199005126953	-7.02667236328e-05	1511960751.9294941	
-8825.0	0.00199005126953	-7.02667236328e-05	1511960752.4296894	
-8825.0	0.00199005126953	-7.02667236328e-05	1511960752.929681	
-8825.0	0.00199005126953	-7.02667236328e-05	1511960753.4294777	
-8936.0	0.00199005126953	-7.02667236328e-05	1511960753.9294841	
-8936.0	0.00199005126953	-7.02667236328e-05	1511960754.4294767	
-9046.0	0.00202758789062	-6.05392456055e-05	1511960754.9295585	
-9046.0	0.00202758789062	-6.05392456055e-05	1511960755.4294925	
-9157.0	0.00202758789062	-6.05392456055e-05	1511960755.9296715	
-9157.0	0.00202758789062	-6.05392456055e-05	1511960756.429509	
-9268.0	0.00202758789062	-6.05392456055e-05	1511960756.929681	
-9268.0	0.00202758789062	-6.05392456055e-05	1511960757.4294844	
-9379.0	0.00202758789062	-6.05392456055e-05	1511960757.9294872	
-9379.0	0.00202758789062	-6.05392456055e-05	1511960758.4295087	
-9379.0	0.00202758789062	-6.05392456055e-05	1511960758.9296722	
-9490.0	0.00202758789062	-6.05392456055e-05	1511960759.4294882	
-9490.0	0.00202758789062	-6.05392456055e-05	1511960759.929641	
-9601.0	0.00202758789062	-6.05392456055e-05	1511960760.4294734	
-9601.0	0.00202758789062	-6.05392456055e-05	1511960760.9294832	
-9712.0	0.00199829101563	-5.52597045898e-05	1511960761.4294865	
-9712.0	0.00199829101563	-5.52597045898e-05	1511960761.9297493	
-9823.0	0.00199829101563	-5.52597045898e-05	1511960762.429607	
-9823.0	0.00199829101563	-5.52597045898e-05	1511960762.9297853	
-9934.0	0.00199829101563	-5.52597045898e-05	1511960763.4294791	
-9934.0	0.00199829101563	-5.52597045898e-05	1511960763.9298835	
-9934.0	0.00199829101563	-5.52597045898e-05	1511960764.4294894	
-10044.0	0.00199829101563	-5.52597045898e-05	1511960764.9296227	
-10044.0	0.00199829101563	-5.52597045898e-05	1511960765.4294949	
-10155.0	0.00199829101563	-5.52597045898e-05	1511960765.9294777	
-10155.0	0.00199829101563	-5.52597045898e-05	1511960766.42952	
-10266.0	0.00199829101563	-5.52597045898e-05	1511960766.9298213	
-10266.0	0.00199829101563	-5.52597045898e-05	1511960767.4294968	
-10377.0	0.00196594238281	-4.98275756836e-05	1511960767.9294822	
-10377.0	0.00196594238281	-4.98275756836e-05	1511960768.4294877	
-10488.0	0.00196594238281	-4.98275756836e-05	1511960768.9294841	
-10488.0	0.00196594238281	-4.98275756836e-05	1511960769.429476	
-10488.0	0.00196594238281	-4.98275756836e-05	1511960769.9294987	
-10599.0	0.00196594238281	-4.98275756836e-05	1511960770.4297237	
-10599.0	0.00196594238281	-4.98275756836e-05	1511960770.929488	
-10710.0	0.00196594238281	-4.98275756836e-05	1511960771.429541	
-10710.0	0.00196594238281	-4.98275756836e-05	1511960771.929482	
-10821.0	0.00196594238281	-4.98275756836e-05	1511960772.4295576	
-10821.0	0.00196594238281	-4.98275756836e-05	1511960772.92987	
-10931.0	0.00196594238281	-4.98275756836e-05	1511960773.4294846	
-10931.0	0.00196594238281	-4.98275756836e-05	1511960773.929484	
-11042.0	0.00201416015625	-5.18798828125e-05	1511960774.42945	
-11042.0	0.00201416015625	-5.18798828125e-05	1511960774.9294794	
-11042.0	0.00201416015625	-5.18798828125e-05	1511960775.4294937	
-11153.0	0.00201416015625	-5.18798828125e-05	1511960775.9294937	
-11153.0	0.00201416015625	-5.18798828125e-05	1511960776.4294958	
-11264.0	0.00201416015625	-5.18798828125e-05	1511960776.9294848	
-11264.0	0.00201416015625	-5.18798828125e-05	1511960777.4294877	
-11375.0	0.00201416015625	-5.18798828125e-05	1511960777.929491	
-11375.0	0.00201416015625	-5.18798828125e-05	1511960778.4295533	
-11486.0	0.00201416015625	-5.18798828125e-05	1511960778.9294722	
-11486.0	0.00201416015625	-5.18798828125e-05	1511960779.429488	
-11597.0	0.00201416015625	-5.18798828125e-05	1511960779.929484	
-11597.0	0.00201416015625	-5.18798828125e-05	1511960780.429493	
-11597.0	0.00207778930664	-3.81927490234e-05	1511960780.9294872	
-11707.0	0.00207778930664	-3.81927490234e-05	1511960781.4297621	
-11707.0	0.00207778930664	-3.81927490234e-05	1511960781.9294837	
-11929.0	0.00207778930664	-3.81927490234e-05	1511960782.4297	
-11929.0	0.00207778930664	-3.81927490234e-05	1511960782.929646	
-12040.0	0.00207778930664	-3.81927490234e-05	1511960783.429698	
-12040.0	0.00207778930664	-3.81927490234e-05	1511960783.9294772	
-12151.0	0.00207778930664	-3.81927490234e-05	1511960784.4296367	
-12151.0	0.00207778930664	-3.81927490234e-05	1511960784.9295325	
-12262.0	0.00207778930664	-3.81927490234e-05	1511960785.4295905	
-12262.0	0.00207778930664	-3.81927490234e-05	1511960785.9295115	
-12262.0	0.00207778930664	-3.81927490234e-05	1511960786.42954	
-12372.0	0.00207778930664	-3.81927490234e-05	1511960786.9296458	
-12372.0	0.00202514648437	-2.88925170898e-05	1511960787.4294832	
-12483.0	0.00202514648437	-2.88925170898e-05	1511960787.9295979	
-12483.0	0.00202514648437	-2.88925170898e-05	1511960788.4294717	
-12594.0	0.00202514648437	-2.88925170898e-05	1511960788.9295964	
-12594.0	0.00202514648437	-2.88925170898e-05	1511960789.4294724	

#$Filter:none
#$	0	1	 1
#$	1	op06	0.251188643150958
#$	2	op09*op09	0.015848931924611138
#$	3	op18*op18*op18	3.9810717055349725e-06
#$	4	ns12	1e-7
#$	5	0	 1e-22
#$POWER:19.8, mW
#$WAVELENGTH:1064,nm
#$OBJECT:PVDF40, bscat
position	ref	signal	Time
-12739.0	0.00203903198242	-2.01568603516e-05	1511960812.1492622	
-12739.0	0.00203765869141	-2.64205932617e-05	1511960812.6492624	
-12739.0	0.00203765869141	-2.64205932617e-05	1511960813.1492362	
-12739.0	0.00203765869141	-2.64205932617e-05	1511960813.6497927	
-12968.0	0.00203765869141	-2.64205932617e-05	1511960814.1492712	
-12968.0	0.00203765869141	-2.64205932617e-05	1511960814.6497247	
-13079.0	0.00203765869141	-2.64205932617e-05	1511960815.1492872	
-13079.0	0.00203765869141	-2.64205932617e-05	1511960815.6493554	
-13079.0	0.00203765869141	-2.64205932617e-05	1511960816.1492333	
-13189.0	0.00203765869141	-2.64205932617e-05	1511960816.6492503	
-13189.0	0.00203765869141	-2.64205932617e-05	1511960817.1492712	
-13300.0	0.00203765869141	-2.64205932617e-05	1511960817.6492612	
-13300.0	0.00203765869141	-2.64205932617e-05	1511960818.149275	
-13411.0	0.00203765869141	-2.64205932617e-05	1511960818.6492624	
-13411.0	0.00197998046875	-2.20184326172e-05	1511960819.1493032	
-13522.0	0.00197998046875	-2.20184326172e-05	1511960819.6494403	
-13522.0	0.00197998046875	-2.20184326172e-05	1511960820.1492827	
-13633.0	0.00197998046875	-2.20184326172e-05	1511960820.649393	
-13633.0	0.00197998046875	-2.20184326172e-05	1511960821.149264	
-13633.0	0.00197998046875	-2.20184326172e-05	1511960821.6492567	
-13744.0	0.00197998046875	-2.20184326172e-05	1511960822.1492584	
-13744.0	0.00197998046875	-2.20184326172e-05	1511960822.6492238	
-13855.0	0.00197998046875	-2.20184326172e-05	1511960823.1492512	
-13855.0	0.00197998046875	-2.20184326172e-05	1511960823.6498466	
-13965.0	0.00197998046875	-2.20184326172e-05	1511960824.1492608	
-13965.0	0.00197998046875	-2.20184326172e-05	1511960824.6493146	
-14076.0	0.00197998046875	-2.20184326172e-05	1511960825.149549	
-14076.0	0.00200500488281	-2.21900939941e-05	1511960825.649233	
-14187.0	0.00200500488281	-2.21900939941e-05	1511960826.149273	
-14187.0	0.00200500488281	-2.21900939941e-05	1511960826.6494222	
-14187.0	0.00200500488281	-2.21900939941e-05	1511960827.1492648	
-14298.0	0.00200500488281	-2.21900939941e-05	1511960827.6497173	
-14298.0	0.00200500488281	-2.21900939941e-05	1511960828.1492624	
-14409.0	0.00200500488281	-2.21900939941e-05	1511960828.6492963	
-14409.0	0.00200500488281	-2.21900939941e-05	1511960829.149265	
-14514.0	0.00200500488281	-2.21900939941e-05	1511960829.649673	
-14514.0	0.00200500488281	-2.21900939941e-05	1511960830.1492543	
-14625.0	0.00200500488281	-2.21900939941e-05	1511960830.6494818	
-14625.0	0.00200500488281	-2.21900939941e-05	1511960831.1492524	
-14736.0	0.00200500488281	-2.21900939941e-05	1511960831.6493654	
-14736.0	0.0019953918457	-1.74026489258e-05	1511960832.1557198	
-14736.0	0.0019953918457	-1.74026489258e-05	1511960832.6492813	
-14847.0	0.0019953918457	-1.74026489258e-05	1511960833.1492696	
-14847.0	0.0019953918457	-1.74026489258e-05	1511960833.649268	
-14958.0	0.0019953918457	-1.74026489258e-05	1511960834.1492734	
-14958.0	0.0019953918457	-1.74026489258e-05	1511960834.6492546	
-15069.0	0.0019953918457	-1.74026489258e-05	1511960835.149256	
-15069.0	0.0019953918457	-1.74026489258e-05	1511960835.649258	
-15179.0	0.0019953918457	-1.74026489258e-05	1511960836.1494832	
-15179.0	0.0019953918457	-1.74026489258e-05	1511960836.6493845	
-15290.0	0.0019953918457	-1.74026489258e-05	1511960837.1493113	
-15290.0	0.0019953918457	-1.74026489258e-05	1511960837.6493897	
-15290.0	0.0019953918457	-1.74026489258e-05	1511960838.149265	
-15401.0	0.0019953918457	-1.74026489258e-05	1511960838.6496127	
-15401.0	0.00201385498047	-1.31988525391e-05	1511960839.1493819	
-15512.0	0.00201385498047	-1.31988525391e-05	1511960839.6493106	
-15512.0	0.00201385498047	-1.31988525391e-05	1511960840.1493618	
-15623.0	0.00201385498047	-1.31988525391e-05	1511960840.6495752	
-15623.0	0.00201385498047	-1.31988525391e-05	1511960841.1492703	
-15734.0	0.00201385498047	-1.31988525391e-05	1511960841.6494892	
-15734.0	0.00201385498047	-1.31988525391e-05	1511960842.1494129	
-15844.0	0.00201385498047	-1.31988525391e-05	1511960842.6495042	
-15844.0	0.00201385498047	-1.31988525391e-05	1511960843.1492639	
-15844.0	0.00201385498047	-1.31988525391e-05	1511960843.6492774	
-16066.0	0.00201385498047	-1.31988525391e-05	1511960844.1492715	
-16066.0	0.00201385498047	-1.31988525391e-05	1511960844.6492872	
-16177.0	0.00201385498047	-1.31988525391e-05	1511960845.1492658	
-16177.0	0.00204666137695	-1.31301879883e-05	1511960845.6493537	
-16288.0	0.00204666137695	-1.31301879883e-05	1511960846.1492596	
-16288.0	0.00204666137695	-1.31301879883e-05	1511960846.649257	
-16398.0	0.00204666137695	-1.31301879883e-05	1511960847.1495128	
-16398.0	0.00204666137695	-1.31301879883e-05	1511960847.6492612	
-16509.0	0.00204666137695	-1.31301879883e-05	1511960848.1494226	
-16509.0	0.00204666137695	-1.31301879883e-05	1511960848.649269	
-16509.0	0.00204666137695	-1.31301879883e-05	1511960849.1492565	
-16620.0	0.00204666137695	-1.31301879883e-05	1511960849.649679	
-16620.0	0.00204666137695	-1.31301879883e-05	1511960850.1492555	
-16731.0	0.00204666137695	-1.31301879883e-05	1511960850.6495793	
-16731.0	0.00204666137695	-1.31301879883e-05	1511960851.1492577	
-16842.0	0.00204666137695	-1.31301879883e-05	1511960851.6492717	
-16842.0	0.00196929931641	-1.0181427002e-05	1511960852.149266	
-16953.0	0.00196929931641	-1.0181427002e-05	1511960852.6495824	
-16953.0	0.00196929931641	-1.0181427002e-05	1511960853.149267	
-17064.0	0.00196929931641	-1.0181427002e-05	1511960853.6492705	
-17064.0	0.00196929931641	-1.0181427002e-05	1511960854.149306	
-17064.0	0.00196929931641	-1.0181427002e-05	1511960854.6496716	
-17174.0	0.00196929931641	-1.0181427002e-05	1511960855.1492944	
-17174.0	0.00196929931641	-1.0181427002e-05	1511960855.6495152	
-17285.0	0.00196929931641	-1.0181427002e-05	1511960856.149418	
-17285.0	0.00196929931641	-1.0181427002e-05	1511960856.6493406	
-17396.0	0.00196929931641	-1.0181427002e-05	1511960857.1492622	
-17396.0	0.00196929931641	-1.0181427002e-05	1511960857.6492286	
-17507.0	0.00196929931641	-1.0181427002e-05	1511960858.149463	
-17507.0	0.0021012878418	-9.47570800781e-06	1511960858.649319	
-17618.0	0.0021012878418	-9.47570800781e-06	1511960859.1492825	
-17618.0	0.0021012878418	-9.47570800781e-06	1511960859.649672	
-17618.0	0.0021012878418	-9.47570800781e-06	1511960860.1492682	
-17729.0	0.0021012878418	-9.47570800781e-06	1511960860.6496084	
-17729.0	0.0021012878418	-9.47570800781e-06	1511960861.1492753	
-17840.0	0.0021012878418	-9.47570800781e-06	1511960861.6495988	
-17840.0	0.0021012878418	-9.47570800781e-06	1511960862.1493385	
-17951.0	0.0021012878418	-9.47570800781e-06	1511960862.6494534	
-17951.0	0.0021012878418	-9.47570800781e-06	1511960863.1492763	

#$Filter:none
#$	0	1	 1
#$	1	op06	0.251188643150958
#$	2	op09*op09	0.015848931924611138
#$	3	op18*op18*op18	3.9810717055349725e-06
#$	4	ns12	1e-7
#$	5	0	 1e-22
#$POWER:19.8, mW
#$WAVELENGTH:1064,nm
#$OBJECT:PVDF40, bscat
position	ref	signal	Time
-18128.0	0.00203170776367	-5.77545166016e-06	1511960889.5649457	
-18182.0	0.00203170776367	-5.77545166016e-06	1511960890.0649455	
-18182.0	0.00203170776367	-5.77545166016e-06	1511960890.5650787	
-18293.0	0.00203170776367	-5.77545166016e-06	1511960891.0651124	
-18293.0	0.00203887939453	-5.75561523437e-06	1511960891.56517	
-18404.0	0.00203887939453	-5.75561523437e-06	1511960892.064943	
-18404.0	0.00203887939453	-5.75561523437e-06	1511960892.5649757	
-18404.0	0.00203887939453	-5.75561523437e-06	1511960893.0649607	
-18515.0	0.00203887939453	-5.75561523437e-06	1511960893.564948	
-18515.0	0.00203887939453	-5.75561523437e-06	1511960894.064957	
-18626.0	0.00203887939453	-5.75561523437e-06	1511960894.5649421	
-18626.0	0.00203887939453	-5.75561523437e-06	1511960895.0649495	
-18737.0	0.00203887939453	-5.75561523437e-06	1511960895.5649486	
-18737.0	0.00203887939453	-5.75561523437e-06	1511960896.0649943	
-18848.0	0.00203887939453	-5.75561523437e-06	1511960896.5649428	
-18848.0	0.00203887939453	-5.75561523437e-06	1511960897.0650444	
-18959.0	0.00203887939453	-5.75561523437e-06	1511960897.5650413	
-18959.0	0.00205612182617	-5.24139404297e-06	1511960898.0649478	
-18959.0	0.00205612182617	-5.24139404297e-06	1511960898.5649514	
-19069.0	0.00205612182617	-5.24139404297e-06	1511960899.0649493	
-19069.0	0.00205612182617	-5.24139404297e-06	1511960899.5652182	
-19180.0	0.00205612182617	-5.24139404297e-06	1511960900.0649452	
-19180.0	0.00205612182617	-5.24139404297e-06	1511960900.56495	
-19291.0	0.00205612182617	-5.24139404297e-06	1511960901.0651662	
-19291.0	0.00205612182617	-5.24139404297e-06	1511960901.5649467	
-19402.0	0.00205612182617	-5.24139404297e-06	1511960902.065042	
-19402.0	0.00205612182617	-5.24139404297e-06	1511960902.5653975	
-19513.0	0.00205612182617	-5.24139404297e-06	1511960903.0649765	
-19513.0	0.00205612182617	-5.24139404297e-06	1511960903.5649412	
-19513.0	0.00205612182617	-5.24139404297e-06	1511960904.0650887	
-19624.0	0.00204986572266	-4.75921630859e-06	1511960904.5650053	
-19624.0	0.00204986572266	-4.75921630859e-06	1511960905.064955	
-19735.0	0.00204986572266	-4.75921630859e-06	1511960905.5649664	
-19735.0	0.00204986572266	-4.75921630859e-06	1511960906.0649574	
-19846.0	0.00204986572266	-4.75921630859e-06	1511960906.5649593	
-19846.0	0.00204986572266	-4.75921630859e-06	1511960907.0650856	
-19957.0	0.00204986572266	-4.75921630859e-06	1511960907.5649476	
-19957.0	0.00204986572266	-4.75921630859e-06	1511960908.0650089	
-20068.0	0.00204986572266	-4.75921630859e-06	1511960908.564952	
-20068.0	0.00204986572266	-4.75921630859e-06	1511960909.0650086	
-20068.0	0.00204986572266	-4.75921630859e-06	1511960909.5649178	
-20178.0	0.00204986572266	-4.75921630859e-06	1511960910.064937	
-20178.0	0.00204986572266	-4.75921630859e-06	1511960910.5649567	
-20289.0	0.00204467773438	-5.51452636719e-06	1511960911.0649467	
-20289.0	0.00204467773438	-5.51452636719e-06	1511960911.5653098	
-20400.0	0.00204467773438	-5.51452636719e-06	1511960912.0649445	
-20400.0	0.00204467773438	-5.51452636719e-06	1511960912.5649486	
-20511.0	0.00204467773438	-5.51452636719e-06	1511960913.0649383	
-20511.0	0.00204467773438	-5.51452636719e-06	1511960913.5650184	
-20622.0	0.00204467773438	-5.51452636719e-06	1511960914.064948	
-20622.0	0.00204467773438	-5.51452636719e-06	1511960914.56494	
-20622.0	0.00204467773438	-5.51452636719e-06	1511960915.0649507	
-20733.0	0.00204467773438	-5.51452636719e-06	1511960915.5649815	
-20733.0	0.00204467773438	-5.51452636719e-06	1511960916.0649362	
-20844.0	0.00204467773438	-5.51452636719e-06	1511960916.564945	
-20844.0	0.00204467773438	-5.51452636719e-06	1511960917.0649414	
-20954.0	0.00213516235352	-4.55627441406e-06	1511960917.5649486	
-20954.0	0.00213516235352	-4.55627441406e-06	1511960918.064944	
-21065.0	0.00213516235352	-4.55627441406e-06	1511960918.5649755	
-21065.0	0.00213516235352	-4.55627441406e-06	1511960919.065075	
-21287.0	0.00213516235352	-4.55627441406e-06	1511960919.5650144	
-21287.0	0.00213516235352	-4.55627441406e-06	1511960920.0649621	
-21287.0	0.00213516235352	-4.55627441406e-06	1511960920.5649889	
-21398.0	0.00213516235352	-4.55627441406e-06	1511960921.064987	
-21398.0	0.00213516235352	-4.55627441406e-06	1511960921.5650177	
-21509.0	0.00213516235352	-4.55627441406e-06	1511960922.0649486	
-21509.0	0.00213516235352	-4.55627441406e-06	1511960922.5649488	
-21620.0	0.00213516235352	-4.55627441406e-06	1511960923.0649493	
-21620.0	0.00213516235352	-4.55627441406e-06	1511960923.564946	
-21730.0	0.00206817626953	-3.47290039062e-06	1511960924.0650864	
-21730.0	0.00206817626953	-3.47290039062e-06	1511960924.5649765	
-21841.0	0.00206817626953	-3.47290039062e-06	1511960925.0649517	
-21841.0	0.00206817626953	-3.47290039062e-06	1511960925.565191	
-21841.0	0.00206817626953	-3.47290039062e-06	1511960926.0650897	
-21952.0	0.00206817626953	-3.47290039062e-06	1511960926.564949	
-21952.0	0.00206817626953	-3.47290039062e-06	1511960927.0649471	
-22063.0	0.00206817626953	-3.47290039062e-06	1511960927.5651674	
-22063.0	0.00206817626953	-3.47290039062e-06	1511960928.0649397	
-22174.0	0.00206817626953	-3.47290039062e-06	1511960928.564958	
-22174.0	0.00206817626953	-3.47290039062e-06	1511960929.0650525	
-22285.0	0.00206817626953	-3.47290039062e-06	1511960929.564945	
-22285.0	0.00206817626953	-3.47290039062e-06	1511960930.064945	
-22396.0	0.00208129882813	-3.05328369141e-06	1511960930.5649438	
-22396.0	0.00208129882813	-3.05328369141e-06	1511960931.064939	
-22396.0	0.00208129882813	-3.05328369141e-06	1511960931.565003	
-22506.0	0.00208129882813	-3.05328369141e-06	1511960932.0649445	
-22506.0	0.00208129882813	-3.05328369141e-06	1511960932.5649533	
-22617.0	0.00208129882813	-3.05328369141e-06	1511960933.064943	
-22617.0	0.00208129882813	-3.05328369141e-06	1511960933.564952	
-22728.0	0.00208129882813	-3.05328369141e-06	1511960934.0649416	

#$Filter:none
#$	0	1	 1
#$	1	op06	0.251188643150958
#$	2	op09*op09	0.015848931924611138
#$	3	op18*op18*op18	3.9810717055349725e-06
#$	4	ns12	1e-7
#$	5	0	 1e-22
#$POWER:19.8, mW
#$WAVELENGTH:1064,nm
#$OBJECT:PVDF40, bscat
position	ref	signal	Time
-22868.0	0.00208572387695	-7.75909423828e-07	1511960975.9557352	
-22868.0	0.00192260742188	-9.28497314453e-07	1511960976.4557881	
-22888.0	0.00192260742188	-9.28497314453e-07	1511960976.9555566	
-22888.0	0.00192260742188	-9.28497314453e-07	1511960977.455551	
-22999.0	0.00192260742188	-9.28497314453e-07	1511960977.9556944	
-22999.0	0.00192260742188	-9.28497314453e-07	1511960978.4555686	
-23110.0	0.00192260742188	-9.28497314453e-07	1511960978.9557045	
-23110.0	0.00192260742188	-9.28497314453e-07	1511960979.455784	
-23110.0	0.00192260742188	-9.28497314453e-07	1511960979.9557319	
-23220.0	0.00192260742188	-9.28497314453e-07	1511960980.4561307	
-23220.0	0.00192260742188	-9.28497314453e-07	1511960980.955754	
-23331.0	0.00192260742188	-9.28497314453e-07	1511960981.4559994	
-23331.0	0.00192260742188	-9.28497314453e-07	1511960981.955722	
-23553.0	0.00192260742188	-9.28497314453e-07	1511960982.4556031	
-23553.0	0.00204147338867	-1.38702392578e-06	1511960982.9557192	
-23664.0	0.00204147338867	-1.38702392578e-06	1511960983.4558043	
-23664.0	0.00204147338867	-1.38702392578e-06	1511960983.9555583	
-23775.0	0.00204147338867	-1.38702392578e-06	1511960984.455707	
-23775.0	0.00204147338867	-1.38702392578e-06	1511960984.9557085	
-23775.0	0.00204147338867	-1.38702392578e-06	1511960985.4555583	
-23885.0	0.00204147338867	-1.38702392578e-06	1511960985.955714	
-23885.0	0.00204147338867	-1.38702392578e-06	1511960986.4559958	
-23996.0	0.00204147338867	-1.38702392578e-06	1511960986.9555597	
-23996.0	0.00204147338867	-1.38702392578e-06	1511960987.4556415	
-23996.0	0.00204147338867	-1.38702392578e-06	1511960987.9557545	
-23996.0	0.00204147338867	-1.38702392578e-06	1511960988.4556248	
-24218.0	0.00204147338867	-1.38702392578e-06	1511960988.9555569	
-24218.0	0.00202835083008	-8.44573974609e-07	1511960989.455853	
-24329.0	0.00202835083008	-8.44573974609e-07	1511960989.9557261	
-24329.0	0.00202835083008	-8.44573974609e-07	1511960990.4555707	
-24329.0	0.00202835083008	-8.44573974609e-07	1511960990.9556847	
-24440.0	0.00202835083008	-8.44573974609e-07	1511960991.4557006	
-24440.0	0.00202835083008	-8.44573974609e-07	1511960991.9557343	
-24551.0	0.00202835083008	-8.44573974609e-07	1511960992.4560146	
-24551.0	0.00202835083008	-8.44573974609e-07	1511960992.955757	
-24662.0	0.00202835083008	-8.44573974609e-07	1511960993.4555805	
-24662.0	0.00202835083008	-8.44573974609e-07	1511960993.955733	
-24772.0	0.00202835083008	-8.44573974609e-07	1511960994.4555554	
-24772.0	0.00202835083008	-8.44573974609e-07	1511960994.9557247	
-24883.0	0.00202835083008	-8.44573974609e-07	1511960995.4556675	
-24883.0	0.00205978393555	-1.27258300781e-06	1511960995.9557498	
-24883.0	0.00205978393555	-1.27258300781e-06	1511960996.4559433	
-24994.0	0.00205978393555	-1.27258300781e-06	1511960996.9555638	
-24994.0	0.00205978393555	-1.27258300781e-06	1511960997.4555798	
-25105.0	0.00205978393555	-1.27258300781e-06	1511960997.955786	
-25105.0	0.00205978393555	-1.27258300781e-06	1511960998.4556081	
-25216.0	0.00205978393555	-1.27258300781e-06	1511960998.9557507	
-25216.0	0.00205978393555	-1.27258300781e-06	1511960999.4555552	
-25327.0	0.00205978393555	-1.27258300781e-06	1511960999.9559116	
-25327.0	0.00205978393555	-1.27258300781e-06	1511961000.4558587	
-25438.0	0.00205978393555	-1.27258300781e-06	1511961000.955785	
-25438.0	0.00205978393555	-1.27258300781e-06	1511961001.4555666	
-25438.0	0.00205978393555	-1.27258300781e-06	1511961001.955712	
-25549.0	0.00202789306641	-6.28662109375e-07	1511961002.4560122	
-25549.0	0.00202789306641	-6.28662109375e-07	1511961002.9557176	
-25659.0	0.00202789306641	-6.28662109375e-07	1511961003.455567	
-25659.0	0.00202789306641	-6.28662109375e-07	1511961003.9555578	
-25770.0	0.00202789306641	-6.28662109375e-07	1511961004.4555552	
-25770.0	0.00202789306641	-6.28662109375e-07	1511961004.95557	
