
#$Filter:none
#$	0	1	 1
#$	1	op06	0.251188643150958
#$	2	op09*op09	0.015848931924611138
#$	3	op18*op18*op18	3.9810717055349725e-06
#$	4	ns12	1e-7
#$	5	0	 1e-22
#$POWER:19.8, mW
#$WAVELENGTH:1064,nm
#$OBJECT:PVDF40, bscat
position	ref	signal	Time
-14809.0	0.00209808349609	-8.63952636719e-07	1511958233.8522215	
-14809.0	0.00209808349609	-8.63952636719e-07	1511958234.3521075	
-14809.0	0.00209808349609	-8.63952636719e-07	1511958234.852147	
-14809.0	0.00209808349609	-8.63952636719e-07	1511958235.3521357	
-14809.0	0.00209808349609	-8.63952636719e-07	1511958235.8522007	
-14809.0	0.00209808349609	-8.63952636719e-07	1511958236.352098	
-14809.0	0.00209808349609	-8.63952636719e-07	1511958236.8521068	
-14809.0	0.00209808349609	-8.63952636719e-07	1511958237.3520992	
-14809.0	0.00209808349609	-8.63952636719e-07	1511958237.8520982	
-14809.0	0.00209808349609	-8.63952636719e-07	1511958238.3520882	
-14809.0	0.00209808349609	-8.63952636719e-07	1511958238.8520925	
-14809.0	0.00209808349609	-8.63952636719e-07	1511958239.3521104	
-14809.0	0.00209808349609	-8.63952636719e-07	1511958239.8520684	
-14809.0	0.00207168579102	-9.35974121094e-07	1511958240.3521616	
-14809.0	0.00207168579102	-9.35974121094e-07	1511958240.8522935	
0.0	0.00207168579102	-9.35974121094e-07	1511958241.3521512	
-14809.0	0.00207168579102	-9.35974121094e-07	1511958241.8521075	
-14809.0	0.00207168579102	-9.35974121094e-07	1511958242.3521066	
-14809.0	0.00207168579102	-9.35974121094e-07	1511958242.8520796	
-14809.0	0.00207168579102	-9.35974121094e-07	1511958243.3522725	
-14809.0	0.00207168579102	-9.35974121094e-07	1511958243.852082	
-14809.0	0.00207168579102	-9.35974121094e-07	1511958244.3526335	
-14809.0	0.00207168579102	-9.35974121094e-07	1511958244.8522775	
-14809.0	0.00207168579102	-9.35974121094e-07	1511958245.3520947	
-14809.0	0.00207168579102	-9.35974121094e-07	1511958245.852115	
-14809.0	0.00207168579102	-9.35974121094e-07	1511958246.3521883	
0.0	0.00210556030273	-7.13043212891e-07	1511958246.852061	
-14809.0	0.00210556030273	-7.13043212891e-07	1511958247.352102	
-14809.0	0.00210556030273	-7.13043212891e-07	1511958247.8521	
-14809.0	0.00210556030273	-7.13043212891e-07	1511958248.352095	
-14809.0	0.00210556030273	-7.13043212891e-07	1511958248.8522515	
-14809.0	0.00210556030273	-7.13043212891e-07	1511958249.352109	
-14809.0	0.00210556030273	-7.13043212891e-07	1511958249.852095	
-14809.0	0.00210556030273	-7.13043212891e-07	1511958250.365815	
-14809.0	0.00210556030273	-7.13043212891e-07	1511958250.8521	
-14809.0	0.00210556030273	-7.13043212891e-07	1511958251.3521094	
-14809.0	0.00210556030273	-7.13043212891e-07	1511958251.852285	
-14809.0	0.00210556030273	-7.13043212891e-07	1511958252.352112	
0.0	0.00210556030273	-7.13043212891e-07	1511958252.8524709	
0.0	0.002060546875	-6.77185058594e-07	1511958253.3521357	
0.0	0.002060546875	-6.77185058594e-07	1511958253.852114	
0.0	0.002060546875	-6.77185058594e-07	1511958254.3521085	
0.0	0.002060546875	-6.77185058594e-07	1511958254.8521435	

#$Filter:none
#$	0	1	 1
#$	1	op06	0.251188643150958
#$	2	op09*op09	0.015848931924611138
#$	3	op18*op18*op18	3.9810717055349725e-06
#$	4	ns12	1e-7
#$	5	0	 1e-22
#$POWER:19.8, mW
#$WAVELENGTH:1064,nm
#$OBJECT:PVDF40, bscat
position	ref	signal	Time
0.0	0.002060546875	-6.77185058594e-07	1511958256.7854166	
0.0	0.002060546875	-6.77185058594e-07	1511958257.285939	
0.0	0.002060546875	-6.77185058594e-07	1511958257.7853947	
0.0	0.002060546875	-6.77185058594e-07	1511958258.28575	
0.0	0.002060546875	-6.77185058594e-07	1511958258.7854278	
0.0	0.002060546875	-6.77185058594e-07	1511958259.285427	
0.0	0.00207977294922	-6.59332275391e-07	1511958259.7854664	
0.0	0.00207977294922	-6.59332275391e-07	1511958260.285417	
0.0	0.00207977294922	-6.59332275391e-07	1511958260.785414	
0.0	0.00207977294922	-6.59332275391e-07	1511958261.2855752	
0.0	0.00207977294922	-6.59332275391e-07	1511958261.7854235	
0.0	0.00207977294922	-6.59332275391e-07	1511958262.2859304	
0.0	0.00207977294922	-6.59332275391e-07	1511958262.7854097	
0.0	0.00207977294922	-6.59332275391e-07	1511958263.2854872	
0.0	0.00207977294922	-6.59332275391e-07	1511958263.7854013	
0.0	0.00207977294922	-6.59332275391e-07	1511958264.2854288	
0.0	0.00207977294922	-6.59332275391e-07	1511958264.7854087	
0.0	0.00207977294922	-6.59332275391e-07	1511958265.2854273	
0.0	0.00207977294922	-6.59332275391e-07	1511958265.785424	
0.0	0.00206024169922	-6.9091796875e-07	1511958266.2854285	
0.0	0.00206024169922	-6.9091796875e-07	1511958266.7856827	
0.0	0.00206024169922	-6.9091796875e-07	1511958267.2854338	
0.0	0.00206024169922	-6.9091796875e-07	1511958267.7854316	
0.0	0.00206024169922	-6.9091796875e-07	1511958268.2860024	
0.0	0.00206024169922	-6.9091796875e-07	1511958269.117669	
0.0	0.00206024169922	-6.9091796875e-07	1511958269.2854307	
0.0	0.00206024169922	-6.9091796875e-07	1511958269.7854173	
0.0	0.00206024169922	-6.9091796875e-07	1511958270.2854195	
0.0	0.00206024169922	-6.9091796875e-07	1511958270.7857437	
0.0	0.00206024169922	-6.9091796875e-07	1511958271.285427	
0.0	0.00206024169922	-6.9091796875e-07	1511958271.785404	
0.0	0.00206024169922	-6.9091796875e-07	1511958272.2854369	
0.0	0.00208053588867	-7.080078125e-07	1511958272.7854207	
0.0	0.00208053588867	-7.080078125e-07	1511958273.285429	
0.0	0.00208053588867	-7.080078125e-07	1511958273.785414	
0.0	0.00208053588867	-7.080078125e-07	1511958274.3331573	
0.0	0.00208053588867	-7.080078125e-07	1511958274.8510466	
0.0	0.00208053588867	-7.080078125e-07	1511958275.2854338	
0.0	0.00208053588867	-7.080078125e-07	1511958275.785409	
0.0	0.00208053588867	-7.080078125e-07	1511958276.3426816	
0.0	0.00208053588867	-7.080078125e-07	1511958276.785434	
0.0	0.00208053588867	-7.080078125e-07	1511958277.4042494	
0.0	0.00208053588867	-7.080078125e-07	1511958277.830842	
0.0	0.00208053588867	-7.080078125e-07	1511958278.285436	
0.0	0.00208053588867	-7.080078125e-07	1511958278.7854266	
0.0	0.00207870483398	-7.6904296875e-07	1511958279.2854197	
0.0	0.00207870483398	-7.6904296875e-07	1511958279.7854292	
0.0	0.00207870483398	-7.6904296875e-07	1511958280.2854154	
0.0	0.00207870483398	-7.6904296875e-07	1511958280.7854404	
0.0	0.00207870483398	-7.6904296875e-07	1511958281.285383	
0.0	0.00207870483398	-7.6904296875e-07	1511958281.7854342	
0.0	0.00207870483398	-7.6904296875e-07	1511958282.2854311	
0.0	0.00207870483398	-7.6904296875e-07	1511958282.788245	
0.0	0.00207870483398	-7.6904296875e-07	1511958283.2855403	
0.0	0.00207870483398	-7.6904296875e-07	1511958283.785407	
0.0	0.00207870483398	-7.6904296875e-07	1511958284.2854316	
0.0	0.00207870483398	-7.6904296875e-07	1511958284.785421	
0.0	0.00207870483398	-7.6904296875e-07	1511958285.2854261	
0.0	0.00208755493164	-7.45849609375e-07	1511958285.7853749	
0.0	0.00208755493164	-7.45849609375e-07	1511958286.2854934	
0.0	0.00208755493164	-7.45849609375e-07	1511958286.785407	
0.0	0.00208755493164	-7.45849609375e-07	1511958287.2854362	
0.0	0.00208755493164	-7.45849609375e-07	1511958287.7854364	
0.0	0.00208755493164	-7.45849609375e-07	1511958288.2854254	
0.0	0.00208755493164	-7.45849609375e-07	1511958288.785429	
0.0	0.00208755493164	-7.45849609375e-07	1511958289.2854207	
0.0	0.00208755493164	-7.45849609375e-07	1511958289.7863967	
0.0	0.00208755493164	-7.45849609375e-07	1511958290.2854211	
0.0	0.00208755493164	-7.45849609375e-07	1511958290.7855546	
0.0	0.00208755493164	-7.45849609375e-07	1511958291.2853892	
0.0	0.00208755493164	-7.45849609375e-07	1511958291.8257506	
0.0	0.00207122802734	-6.48498535156e-07	1511958292.285485	
0.0	0.00207122802734	-6.48498535156e-07	1511958292.7933857	
0.0	0.00207122802734	-6.48498535156e-07	1511958293.3305497	
0.0	0.00207122802734	-6.48498535156e-07	1511958293.868321	
0.0	0.00207122802734	-6.48498535156e-07	1511958294.2854228	
0.0	0.00207122802734	-6.48498535156e-07	1511958294.785417	
0.0	0.00207122802734	-6.48498535156e-07	1511958295.2854235	
0.0	0.00207122802734	-6.48498535156e-07	1511958295.7855215	
0.0	0.00207122802734	-6.48498535156e-07	1511958296.285428	
0.0	0.00207122802734	-6.48498535156e-07	1511958296.7856002	

#$Filter:none
#$	0	1	 1
#$	1	op06	0.251188643150958
#$	2	op09*op09	0.015848931924611138
#$	3	op18*op18*op18	3.9810717055349725e-06
#$	4	ns12	1e-7
#$	5	0	 1e-22
#$POWER:19.8, mW
#$WAVELENGTH:1064,nm
#$OBJECT:PVDF40, bscat
position	ref	signal	Time
0.0	0.00206436157227	-7.12738037109e-07	1511958301.3486354	
0.0	0.00206436157227	-7.12738037109e-07	1511958301.8490448	
0.0	0.00206436157227	-7.12738037109e-07	1511958302.34866	
0.0	0.00206436157227	-7.12738037109e-07	1511958302.8488152	
0.0	0.00206436157227	-7.12738037109e-07	1511958303.348645	
0.0	0.00206436157227	-7.12738037109e-07	1511958303.8486657	
0.0	0.00206436157227	-7.12738037109e-07	1511958304.3486483	
0.0	0.00206436157227	-7.12738037109e-07	1511958304.8486555	
0.0	0.00203750610352	-7.15789794922e-07	1511958305.3486695	
0.0	0.00203750610352	-7.15789794922e-07	1511958305.8490674	
0.0	0.00203750610352	-7.15789794922e-07	1511958306.348684	
0.0	0.00203750610352	-7.15789794922e-07	1511958306.8486645	
0.0	0.00203750610352	-7.15789794922e-07	1511958307.3592155	
0.0	0.00203750610352	-7.15789794922e-07	1511958307.8486693	
0.0	0.00203750610352	-7.15789794922e-07	1511958308.3486702	
0.0	0.00203750610352	-7.15789794922e-07	1511958308.848664	
0.0	0.00203750610352	-7.15789794922e-07	1511958309.348673	
0.0	0.00203750610352	-7.15789794922e-07	1511958309.8486521	
0.0	0.00203750610352	-7.15789794922e-07	1511958310.3486717	
0.0	0.00203750610352	-7.15789794922e-07	1511958310.8492494	
0.0	0.00203750610352	-7.15789794922e-07	1511958311.3486552	
0.0	0.00204406738281	-6.08978271484e-07	1511958311.8487258	
0.0	0.00204406738281	-6.08978271484e-07	1511958312.3488257	
0.0	0.00204406738281	-6.08978271484e-07	1511958312.8488688	
0.0	0.00204406738281	-6.08978271484e-07	1511958313.542653	
0.0	0.00204406738281	-6.08978271484e-07	1511958313.8486683	
0.0	0.00204406738281	-6.08978271484e-07	1511958314.3486655	
0.0	0.00204406738281	-6.08978271484e-07	1511958314.848659	
0.0	0.00204406738281	-6.08978271484e-07	1511958315.348676	
0.0	0.00204406738281	-6.08978271484e-07	1511958315.8486786	
0.0	0.00204406738281	-6.08978271484e-07	1511958316.3486736	
0.0	0.00204406738281	-6.08978271484e-07	1511958316.848672	
0.0	0.00204406738281	-6.08978271484e-07	1511958317.3486788	
0.0	0.00204406738281	-6.08978271484e-07	1511958317.848647	
0.0	0.00203521728516	-6.51245117188e-07	1511958318.348678	
0.0	0.00203521728516	-6.51245117188e-07	1511958318.8486688	
0.0	0.00203521728516	-6.51245117188e-07	1511958319.3486636	
0.0	0.00203521728516	-6.51245117188e-07	1511958319.848638	
0.0	0.00203521728516	-6.51245117188e-07	1511958320.3486598	
0.0	0.00203521728516	-6.51245117188e-07	1511958320.8486748	
0.0	0.00203521728516	-6.51245117188e-07	1511958321.3487	
0.0	0.00203521728516	-6.51245117188e-07	1511958321.8487961	
0.0	0.00203521728516	-6.51245117188e-07	1511958322.3488667	
0.0	0.00203521728516	-6.51245117188e-07	1511958322.8486674	
0.0	0.00203521728516	-6.51245117188e-07	1511958323.3486695	
0.0	0.00203521728516	-6.51245117188e-07	1511958323.8486779	
0.0	0.00203521728516	-6.51245117188e-07	1511958324.3486788	
0.0	0.00205902099609	-6.48803710937e-07	1511958324.8487413	
0.0	0.00205902099609	-6.48803710937e-07	1511958325.3486867	
0.0	0.00205902099609	-6.48803710937e-07	1511958325.848681	
0.0	0.00205902099609	-6.48803710937e-07	1511958326.3490584	
0.0	0.00205902099609	-6.48803710937e-07	1511958326.8487492	
0.0	0.00205902099609	-6.48803710937e-07	1511958327.349713	
0.0	0.00205902099609	-6.48803710937e-07	1511958327.8486698	
0.0	0.00205902099609	-6.48803710937e-07	1511958328.3488402	
0.0	0.00205902099609	-6.48803710937e-07	1511958328.848666	
0.0	0.00205902099609	-6.48803710937e-07	1511958329.3486617	
115.0	0.00205902099609	-6.48803710937e-07	1511958329.8486645	
115.0	0.00205902099609	-6.48803710937e-07	1511958330.3486633	
226.0	0.00205902099609	-6.48803710937e-07	1511958330.8486693	
226.0	0.00209915161133	-7.36541748047e-07	1511958331.3486762	
337.0	0.00209915161133	-7.36541748047e-07	1511958331.848685	
337.0	0.00209915161133	-7.36541748047e-07	1511958332.3486872	
337.0	0.00209915161133	-7.36541748047e-07	1511958332.8486643	
448.0	0.00209915161133	-7.36541748047e-07	1511958333.3486793	
448.0	0.00209915161133	-7.36541748047e-07	1511958333.8488743	
559.0	0.00209915161133	-7.36541748047e-07	1511958334.348673	
559.0	0.00209915161133	-7.36541748047e-07	1511958334.8486788	
669.0	0.00209915161133	-7.36541748047e-07	1511958335.3486614	
669.0	0.00209915161133	-7.36541748047e-07	1511958335.8486612	
780.0	0.00209915161133	-7.36541748047e-07	1511958336.348665	
780.0	0.00209915161133	-7.36541748047e-07	1511958336.8486626	
891.0	0.00209915161133	-7.36541748047e-07	1511958337.3486412	
891.0	0.00202545166016	-6.90002441406e-07	1511958337.8486667	
891.0	0.00202545166016	-6.90002441406e-07	1511958338.3486648	
1002.0	0.00202545166016	-6.90002441406e-07	1511958338.8486774	
1002.0	0.00202545166016	-6.90002441406e-07	1511958339.3486724	
1113.0	0.00202545166016	-6.90002441406e-07	1511958339.8491006	
1113.0	0.00202545166016	-6.90002441406e-07	1511958340.3489304	
1224.0	0.00202545166016	-6.90002441406e-07	1511958340.8488495	
1224.0	0.00202545166016	-6.90002441406e-07	1511958341.348623	
1335.0	0.00202545166016	-6.90002441406e-07	1511958341.8488908	
1335.0	0.00202545166016	-6.90002441406e-07	1511958342.3487577	
1445.0	0.00202545166016	-6.90002441406e-07	1511958342.8488119	
1445.0	0.00202545166016	-6.90002441406e-07	1511958343.349013	
1445.0	0.00202545166016	-6.90002441406e-07	1511958343.8486812	
1556.0	0.00203536987305	-8.63494873047e-07	1511958344.3486779	
1556.0	0.00203536987305	-8.63494873047e-07	1511958344.848658	
1667.0	0.00203536987305	-8.63494873047e-07	1511958345.3486662	
1667.0	0.00203536987305	-8.63494873047e-07	1511958345.8486848	
1778.0	0.00203536987305	-8.63494873047e-07	1511958346.348666	
1778.0	0.00203536987305	-8.63494873047e-07	1511958346.848683	
1889.0	0.00203536987305	-8.63494873047e-07	1511958347.34867	
1889.0	0.00203536987305	-8.63494873047e-07	1511958347.8486514	
2111.0	0.00203536987305	-8.63494873047e-07	1511958348.3486385	
2111.0	0.00203536987305	-8.63494873047e-07	1511958348.8486836	
2111.0	0.00203536987305	-8.63494873047e-07	1511958349.3492258	
2221.0	0.00203536987305	-8.63494873047e-07	1511958349.848678	
2221.0	0.00203536987305	-8.63494873047e-07	1511958350.3487983	
2332.0	0.00212097167969	-6.06842041016e-07	1511958350.850567	
2332.0	0.00212097167969	-6.06842041016e-07	1511958351.3487144	
2443.0	0.00212097167969	-6.06842041016e-07	1511958351.8487422	
2443.0	0.00212097167969	-6.06842041016e-07	1511958352.3486278	
2554.0	0.00212097167969	-6.06842041016e-07	1511958352.848673	
2554.0	0.00212097167969	-6.06842041016e-07	1511958353.3486426	
2554.0	0.00212097167969	-6.06842041016e-07	1511958353.8486774	
2554.0	0.00212097167969	-6.06842041016e-07	1511958354.3539643	
2554.0	0.00212097167969	-6.06842041016e-07	1511958354.8486588	
1279.0	0.00212097167969	-6.06842041016e-07	1511958355.3488626	
1279.0	0.00212097167969	-6.06842041016e-07	1511958355.848848	
1279.0	0.00212097167969	-6.06842041016e-07	1511958356.3486693	
1279.0	0.00212097167969	-6.06842041016e-07	1511958356.8486807	
2987.0	0.00212097167969	-6.06842041016e-07	1511958357.348662	
2987.0	0.00213485717773	-7.59887695312e-07	1511958357.8486876	
3098.0	0.00213485717773	-7.59887695312e-07	1511958358.348664	
3098.0	0.00213485717773	-7.59887695312e-07	1511958358.8486838	
3209.0	0.00213485717773	-7.59887695312e-07	1511958359.3486414	
3209.0	0.00213485717773	-7.59887695312e-07	1511958359.8486624	
3209.0	0.00213485717773	-7.59887695312e-07	1511958360.348852	
3320.0	0.00213485717773	-7.59887695312e-07	1511958360.8486533	
3320.0	0.00213485717773	-7.59887695312e-07	1511958361.3492396	
3431.0	0.00213485717773	-7.59887695312e-07	1511958361.849065	
3431.0	0.00213485717773	-7.59887695312e-07	1511958362.3486621	
3541.0	0.00213485717773	-7.59887695312e-07	1511958362.848676	
3541.0	0.00213485717773	-7.59887695312e-07	1511958363.3486843	
3652.0	0.00213485717773	-7.59887695312e-07	1511958363.8486357	
3652.0	0.00216232299805	-9.10339355469e-07	1511958364.349231	
3763.0	0.00216232299805	-9.10339355469e-07	1511958364.8488925	
3763.0	0.00216232299805	-9.10339355469e-07	1511958365.349176	
3763.0	0.00216232299805	-9.10339355469e-07	1511958365.848674	
3874.0	0.00216232299805	-9.10339355469e-07	1511958366.34924	
3874.0	0.00216232299805	-9.10339355469e-07	1511958366.8486762	
3985.0	0.00216232299805	-9.10339355469e-07	1511958367.3491528	
3985.0	0.00216232299805	-9.10339355469e-07	1511958367.8486736	
4096.0	0.00216232299805	-9.10339355469e-07	1511958368.3486814	
4096.0	0.00216232299805	-9.10339355469e-07	1511958368.848687	
4207.0	0.00216232299805	-9.10339355469e-07	1511958369.3487656	
4207.0	0.00216232299805	-9.10339355469e-07	1511958369.8486745	
4317.0	0.00216232299805	-9.10339355469e-07	1511958370.3486366	
4317.0	0.00208282470703	-7.03582763672e-07	1511958370.848679	
4317.0	0.00208282470703	-7.03582763672e-07	1511958371.349104	
4428.0	0.00208282470703	-7.03582763672e-07	1511958371.8486638	
4428.0	0.00208282470703	-7.03582763672e-07	1511958372.3490329	
4539.0	0.00208282470703	-7.03582763672e-07	1511958372.849094	
4539.0	0.00208282470703	-7.03582763672e-07	1511958373.3486793	
4650.0	0.00208282470703	-7.03582763672e-07	1511958373.849028	
4650.0	0.00208282470703	-7.03582763672e-07	1511958374.3491309	
4761.0	0.00208282470703	-7.03582763672e-07	1511958374.8486838	
4761.0	0.00208282470703	-7.03582763672e-07	1511958375.3488305	
4872.0	0.00208282470703	-7.03582763672e-07	1511958375.848766	
4872.0	0.00208282470703	-7.03582763672e-07	1511958376.3490872	
4872.0	0.00208282470703	-7.03582763672e-07	1511958376.8486655	
5094.0	0.0020849609375	-8.62884521484e-07	1511958377.3492	
5094.0	0.0020849609375	-8.62884521484e-07	1511958377.848663	
5205.0	0.0020849609375	-8.62884521484e-07	1511958378.3486722	
5205.0	0.0020849609375	-8.62884521484e-07	1511958378.8486621	
5315.0	0.0020849609375	-8.62884521484e-07	1511958379.3490582	
5315.0	0.0020849609375	-8.62884521484e-07	1511958379.8486702	
5426.0	0.0020849609375	-8.62884521484e-07	1511958380.3486662	
5426.0	0.0020849609375	-8.62884521484e-07	1511958380.8486567	
5537.0	0.0020849609375	-8.62884521484e-07	1511958381.348627	
5537.0	0.0020849609375	-8.62884521484e-07	1511958381.848658	
5537.0	0.0020849609375	-8.62884521484e-07	1511958382.3490806	
5648.0	0.0020849609375	-8.62884521484e-07	1511958382.848672	
5648.0	0.0020849609375	-8.62884521484e-07	1511958383.3486493	
5759.0	0.00206939697266	-9.04388427734e-07	1511958383.8491352	
5759.0	0.00206939697266	-9.04388427734e-07	1511958384.3486564	
5870.0	0.00206939697266	-9.04388427734e-07	1511958384.8490288	
5870.0	0.00206939697266	-9.04388427734e-07	1511958385.3487828	
5981.0	0.00206939697266	-9.04388427734e-07	1511958385.8487742	
5981.0	0.00206939697266	-9.04388427734e-07	1511958386.348676	
6091.0	0.00206939697266	-9.04388427734e-07	1511958386.848707	
6091.0	0.00206939697266	-9.04388427734e-07	1511958387.3755846	
6091.0	0.00206939697266	-9.04388427734e-07	1511958387.848931	
6091.0	0.00206939697266	-9.04388427734e-07	1511958388.3486505	
6091.0	0.00206939697266	-9.04388427734e-07	1511958388.8486795	
6091.0	0.00206939697266	-9.04388427734e-07	1511958389.3486753	
6091.0	0.00206939697266	-9.04388427734e-07	1511958389.8486845	
6091.0	0.00213424682617	-1.14074707031e-06	1511958390.3871732	
6091.0	0.00213424682617	-1.14074707031e-06	1511958390.856186	
6091.0	0.00213424682617	-1.14074707031e-06	1511958391.3486557	
6091.0	0.00213424682617	-1.14074707031e-06	1511958391.9168842	
6091.0	0.00213424682617	-1.14074707031e-06	1511958392.3486528	
6091.0	0.00213424682617	-1.14074707031e-06	1511958392.8855886	
6091.0	0.00213424682617	-1.14074707031e-06	1511958393.348673	
6091.0	0.00213424682617	-1.14074707031e-06	1511958393.8486693	
6091.0	0.00213424682617	-1.14074707031e-06	1511958394.348675	
6091.0	0.00213424682617	-1.14074707031e-06	1511958394.848671	
6091.0	0.00213424682617	-1.14074707031e-06	1511958395.3486757	
7092.0	0.00213424682617	-1.14074707031e-06	1511958395.848983	
7092.0	0.00213424682617	-1.14074707031e-06	1511958396.3486898	
7225.0	0.00214828491211	-1.07849121094e-06	1511958396.8486671	
7225.0	0.00214828491211	-1.07849121094e-06	1511958397.3486674	
7358.0	0.00214828491211	-1.07849121094e-06	1511958397.8486276	
7358.0	0.00214828491211	-1.07849121094e-06	1511958398.3486772	
7358.0	0.00214828491211	-1.07849121094e-06	1511958398.8486643	
7492.0	0.00214828491211	-1.07849121094e-06	1511958399.3486667	
7492.0	0.00214828491211	-1.07849121094e-06	1511958399.8486798	
7625.0	0.00214828491211	-1.07849121094e-06	1511958400.3486679	
7625.0	0.00214828491211	-1.07849121094e-06	1511958400.8486834	
7759.0	0.00214828491211	-1.07849121094e-06	1511958401.3486762	
7759.0	0.00214828491211	-1.07849121094e-06	1511958401.8486702	
7892.0	0.00214828491211	-1.07849121094e-06	1511958402.3486714	
7892.0	0.00214828491211	-1.07849121094e-06	1511958402.8486779	
8025.0	0.00210968017578	-9.28497314453e-07	1511958403.3487573	
8025.0	0.00210968017578	-9.28497314453e-07	1511958403.848666	
8025.0	0.00210968017578	-9.28497314453e-07	1511958404.3486738	
8159.0	0.00210968017578	-9.28497314453e-07	1511958404.8486626	
8159.0	0.00210968017578	-9.28497314453e-07	1511958405.348696	
8286.0	0.00210968017578	-9.28497314453e-07	1511958405.8487053	
8286.0	0.00210968017578	-9.28497314453e-07	1511958406.3486798	
8419.0	0.00210968017578	-9.28497314453e-07	1511958406.8490217	
8419.0	0.00210968017578	-9.28497314453e-07	1511958407.3491714	
8552.0	0.00210968017578	-9.28497314453e-07	1511958407.848964	
8552.0	0.00210968017578	-9.28497314453e-07	1511958408.348633	
8686.0	0.00210968017578	-9.28497314453e-07	1511958408.84881	
8686.0	0.00210968017578	-9.28497314453e-07	1511958409.3491724	
8686.0	0.00208450317383	-1.015625e-06	1511958409.8486784	
8819.0	0.00208450317383	-1.015625e-06	1511958410.3492572	
8819.0	0.00208450317383	-1.015625e-06	1511958410.8486798	
8952.0	0.00208450317383	-1.015625e-06	1511958411.3491719	
8952.0	0.00208450317383	-1.015625e-06	1511958411.8486423	
9219.0	0.00208450317383	-1.015625e-06	1511958412.3486319	
9219.0	0.00208450317383	-1.015625e-06	1511958412.8486743	
9352.0	0.00208450317383	-1.015625e-06	1511958413.348938	
9352.0	0.00208450317383	-1.015625e-06	1511958413.8486786	
9486.0	0.00208450317383	-1.015625e-06	1511958414.3486855	
9486.0	0.00208450317383	-1.015625e-06	1511958414.8486795	
9486.0	0.00208450317383	-1.015625e-06	1511958415.349244	
9619.0	0.00208450317383	-1.015625e-06	1511958415.8486648	
9619.0	0.00217544555664	-1.01745605469e-06	1511958416.3488414	
9752.0	0.00217544555664	-1.01745605469e-06	1511958416.848796	
9752.0	0.00217544555664	-1.01745605469e-06	1511958417.3486786	
9886.0	0.00217544555664	-1.01745605469e-06	1511958417.8490658	
9886.0	0.00217544555664	-1.01745605469e-06	1511958418.348676	
10019.0	0.00217544555664	-1.01745605469e-06	1511958418.8486362	
10019.0	0.00217544555664	-1.01745605469e-06	1511958419.3486757	
10153.0	0.00217544555664	-1.01745605469e-06	1511958419.8488743	
10153.0	0.00217544555664	-1.01745605469e-06	1511958420.3492029	
10153.0	0.00217544555664	-1.01745605469e-06	1511958420.848672	
10286.0	0.00217544555664	-1.01745605469e-06	1511958421.3491914	
10286.0	0.00217544555664	-1.01745605469e-06	1511958421.848674	
10419.0	0.00217544555664	-1.01745605469e-06	1511958422.3487213	
10419.0	0.00217178344727	-1.36871337891e-06	1511958422.8487842	
10553.0	0.00217178344727	-1.36871337891e-06	1511958423.34861	
10553.0	0.00217178344727	-1.36871337891e-06	1511958423.8487442	
10686.0	0.00217178344727	-1.36871337891e-06	1511958424.34883	
10686.0	0.00217178344727	-1.36871337891e-06	1511958424.8487332	
10819.0	0.00217178344727	-1.36871337891e-06	1511958425.3488803	
10819.0	0.00217178344727	-1.36871337891e-06	1511958425.8486836	
10819.0	0.00217178344727	-1.36871337891e-06	1511958426.3491445	
10953.0	0.00217178344727	-1.36871337891e-06	1511958426.848664	
10953.0	0.00217178344727	-1.36871337891e-06	1511958427.348674	
11086.0	0.00217178344727	-1.36871337891e-06	1511958427.849068	
11086.0	0.00217178344727	-1.36871337891e-06	1511958428.348682	
11219.0	0.00217178344727	-1.36871337891e-06	1511958428.8490121	
11219.0	0.00206954956055	-1.21826171875e-06	1511958429.348667	
11346.0	0.00206954956055	-1.21826171875e-06	1511958429.8486547	
11346.0	0.00206954956055	-1.21826171875e-06	1511958430.3486755	
11480.0	0.00206954956055	-1.21826171875e-06	1511958430.8486285	
11480.0	0.00206954956055	-1.21826171875e-06	1511958431.348667	
11480.0	0.00206954956055	-1.21826171875e-06	1511958431.848669	
11613.0	0.00206954956055	-1.21826171875e-06	1511958432.3486726	
11613.0	0.00206954956055	-1.21826171875e-06	1511958432.8491144	
11746.0	0.00206954956055	-1.21826171875e-06	1511958433.348678	
11746.0	0.00206954956055	-1.21826171875e-06	1511958433.848684	
11880.0	0.00206954956055	-1.21826171875e-06	1511958434.3486698	
11880.0	0.00206954956055	-1.21826171875e-06	1511958434.8486757	
12013.0	0.00206954956055	-1.21826171875e-06	1511958435.3486657	
12013.0	0.00210372924805	-1.02508544922e-06	1511958435.8486662	
12146.0	0.00210372924805	-1.02508544922e-06	1511958436.3486423	
12146.0	0.00210372924805	-1.02508544922e-06	1511958436.8486729	
12146.0	0.00210372924805	-1.02508544922e-06	1511958437.3492053	
12280.0	0.00210372924805	-1.02508544922e-06	1511958437.8486722	
12280.0	0.00210372924805	-1.02508544922e-06	1511958438.3486764	
12413.0	0.00210372924805	-1.02508544922e-06	1511958438.8490548	
12413.0	0.00210372924805	-1.02508544922e-06	1511958439.3486762	
12546.0	0.00210372924805	-1.02508544922e-06	1511958439.8490534	
12546.0	0.00210372924805	-1.02508544922e-06	1511958440.3486738	
12680.0	0.00210372924805	-1.02508544922e-06	1511958440.8489308	
12680.0	0.00210372924805	-1.02508544922e-06	1511958441.3486683	
12946.0	0.00210372924805	-1.02508544922e-06	1511958441.848638	
12946.0	0.00211288452148	-1.24893188477e-06	1511958442.3490384	
12946.0	0.00211288452148	-1.24893188477e-06	1511958442.848685	
13080.0	0.00211288452148	-1.24893188477e-06	1511958443.349198	
13080.0	0.00211288452148	-1.24893188477e-06	1511958443.848677	
13213.0	0.00211288452148	-1.24893188477e-06	1511958444.3490882	
13213.0	0.00211288452148	-1.24893188477e-06	1511958444.8486786	
13346.0	0.00211288452148	-1.24893188477e-06	1511958445.3489983	
13346.0	0.00211288452148	-1.24893188477e-06	1511958445.8486586	
13480.0	0.00211288452148	-1.24893188477e-06	1511958446.3486662	
13480.0	0.00211288452148	-1.24893188477e-06	1511958446.8486805	
13613.0	0.00211288452148	-1.24893188477e-06	1511958447.3486366	
13613.0	0.00211288452148	-1.24893188477e-06	1511958447.8486652	
13613.0	0.00211288452148	-1.24893188477e-06	1511958448.3491704	
13746.0	0.0020979309082	-1.26449584961e-06	1511958448.8486793	
13746.0	0.0020979309082	-1.26449584961e-06	1511958449.348662	
13880.0	0.0020979309082	-1.26449584961e-06	1511958449.849068	
13880.0	0.0020979309082	-1.26449584961e-06	1511958450.348624	
14013.0	0.0020979309082	-1.26449584961e-06	1511958450.8488863	
14013.0	0.0020979309082	-1.26449584961e-06	1511958451.3486774	
14146.0	0.0020979309082	-1.26449584961e-06	1511958451.848839	
14146.0	0.0020979309082	-1.26449584961e-06	1511958452.348727	
14280.0	0.0020979309082	-1.26449584961e-06	1511958452.8486276	
14280.0	0.0020979309082	-1.26449584961e-06	1511958453.3486655	
14280.0	0.0020979309082	-1.26449584961e-06	1511958453.8486674	
14413.0	0.0020979309082	-1.26449584961e-06	1511958454.348673	
14413.0	0.0020979309082	-1.26449584961e-06	1511958454.8486626	
14546.0	0.00204437255859	-1.37924194336e-06	1511958455.348661	
14546.0	0.00204437255859	-1.37924194336e-06	1511958455.8486714	
14680.0	0.00204437255859	-1.37924194336e-06	1511958456.348675	
14680.0	0.00204437255859	-1.37924194336e-06	1511958456.84868	
14813.0	0.00204437255859	-1.37924194336e-06	1511958457.3488824	
14813.0	0.00204437255859	-1.37924194336e-06	1511958457.8486733	
14946.0	0.00204437255859	-1.37924194336e-06	1511958458.3488088	
14946.0	0.00204437255859	-1.37924194336e-06	1511958458.8487453	
14946.0	0.00204437255859	-1.37924194336e-06	1511958459.348667	
15080.0	0.00204437255859	-1.37924194336e-06	1511958459.8486578	
15080.0	0.00204437255859	-1.37924194336e-06	1511958460.3486671	
15213.0	0.00204437255859	-1.37924194336e-06	1511958460.848698	
15213.0	0.00204437255859	-1.37924194336e-06	1511958461.3487594	
15346.0	0.00221572875977	-1.41250610352e-06	1511958461.8487191	
15346.0	0.00221572875977	-1.41250610352e-06	1511958462.348674	
15480.0	0.00221572875977	-1.41250610352e-06	1511958462.8486753	
15480.0	0.00221572875977	-1.41250610352e-06	1511958463.3487272	
15613.0	0.00221572875977	-1.41250610352e-06	1511958463.8486392	
15613.0	0.00221572875977	-1.41250610352e-06	1511958464.3486786	
15613.0	0.00221572875977	-1.41250610352e-06	1511958464.8487282	
15746.0	0.00221572875977	-1.41250610352e-06	1511958465.3486736	
15746.0	0.00221572875977	-1.41250610352e-06	1511958465.8486748	
15880.0	0.00221572875977	-1.41250610352e-06	1511958466.348683	
15880.0	0.00221572875977	-1.41250610352e-06	1511958466.8486702	
16013.0	0.00221572875977	-1.41250610352e-06	1511958467.3486738	
16013.0	0.00221572875977	-1.41250610352e-06	1511958467.8486643	
16146.0	0.00204147338867	-1.62689208984e-06	1511958468.3488305	
16146.0	0.00204147338867	-1.62689208984e-06	1511958468.8486662	
16280.0	0.00204147338867	-1.62689208984e-06	1511958469.3486302	
16280.0	0.00204147338867	-1.62689208984e-06	1511958469.84866	
16280.0	0.00204147338867	-1.62689208984e-06	1511958470.348675	
16413.0	0.00204147338867	-1.62689208984e-06	1511958470.848678	
16413.0	0.00204147338867	-1.62689208984e-06	1511958471.3486443	
16546.0	0.00204147338867	-1.62689208984e-06	1511958471.8486788	
16546.0	0.00204147338867	-1.62689208984e-06	1511958472.348675	
16813.0	0.00204147338867	-1.62689208984e-06	1511958472.8489056	
16813.0	0.00204147338867	-1.62689208984e-06	1511958473.3486829	
16946.0	0.00204147338867	-1.62689208984e-06	1511958473.8488197	
16946.0	0.00204147338867	-1.62689208984e-06	1511958474.348679	
17080.0	0.00212051391602	-1.43585205078e-06	1511958474.8486366	
17080.0	0.00212051391602	-1.43585205078e-06	1511958475.3486786	
17080.0	0.00212051391602	-1.43585205078e-06	1511958475.8486755	
17213.0	0.00212051391602	-1.43585205078e-06	1511958476.3488643	
17213.0	0.00212051391602	-1.43585205078e-06	1511958476.848675	
17346.0	0.00212051391602	-1.43585205078e-06	1511958477.3490498	
17346.0	0.00212051391602	-1.43585205078e-06	1511958477.848684	
17480.0	0.00212051391602	-1.43585205078e-06	1511958478.3488643	

#$Filter:none
#$	0	1	 1
#$	1	op06	0.251188643150958
#$	2	op09*op09	0.015848931924611138
#$	3	op18*op18*op18	3.9810717055349725e-06
#$	4	ns12	1e-7
#$	5	0	 1e-22
#$POWER:19.8, mW
#$WAVELENGTH:1064,nm
#$OBJECT:PVDF40, bscat
position	ref	signal	Time
17557.0	0.00211471557617	-3.78799438477e-06	1511958516.1731396	
17606.0	0.00211471557617	-3.78799438477e-06	1511958516.6730762	
17606.0	0.00211471557617	-3.78799438477e-06	1511958517.173491	
17606.0	0.00211471557617	-3.78799438477e-06	1511958517.6731396	
17740.0	0.00211471557617	-3.78799438477e-06	1511958518.1736274	
17740.0	0.00211471557617	-3.78799438477e-06	1511958518.673107	
17873.0	0.00211471557617	-3.78799438477e-06	1511958519.17319	
17873.0	0.00211471557617	-3.78799438477e-06	1511958519.6731155	
18006.0	0.00211471557617	-3.78799438477e-06	1511958520.173302	
18006.0	0.00211471557617	-3.78799438477e-06	1511958520.6731396	
18139.0	0.00211471557617	-3.78799438477e-06	1511958521.173109	
18139.0	0.00207870483398	-4.83093261719e-06	1511958521.6732054	
18273.0	0.00207870483398	-4.83093261719e-06	1511958522.17309	
18273.0	0.00207870483398	-4.83093261719e-06	1511958522.6731422	
18273.0	0.00207870483398	-4.83093261719e-06	1511958523.1731124	
18406.0	0.00207870483398	-4.83093261719e-06	1511958523.6733038	
18406.0	0.00207870483398	-4.83093261719e-06	1511958524.173122	
18540.0	0.00207870483398	-4.83093261719e-06	1511958524.6731389	
18540.0	0.00207870483398	-4.83093261719e-06	1511958525.1731598	
18673.0	0.00207870483398	-4.83093261719e-06	1511958525.6731703	
18673.0	0.00207870483398	-4.83093261719e-06	1511958526.1731193	
18806.0	0.00207870483398	-4.83093261719e-06	1511958526.6731122	
18806.0	0.00207870483398	-4.83093261719e-06	1511958527.1731052	
18939.0	0.00207870483398	-4.83093261719e-06	1511958527.6730778	
18939.0	0.0019970703125	-4.7966003418e-06	1511958528.1733115	
18939.0	0.0019970703125	-4.7966003418e-06	1511958528.6732378	
19073.0	0.0019970703125	-4.7966003418e-06	1511958529.1731117	
19073.0	0.0019970703125	-4.7966003418e-06	1511958529.673322	
19206.0	0.0019970703125	-4.7966003418e-06	1511958530.1731184	
19206.0	0.0019970703125	-4.7966003418e-06	1511958530.6733687	
19340.0	0.0019970703125	-4.7966003418e-06	1511958531.1731157	
19340.0	0.0019970703125	-4.7966003418e-06	1511958531.6731062	
19473.0	0.0019970703125	-4.7966003418e-06	1511958532.1731029	
19473.0	0.0019970703125	-4.7966003418e-06	1511958532.6731122	
19606.0	0.0019970703125	-4.7966003418e-06	1511958533.1732903	
19606.0	0.0019970703125	-4.7966003418e-06	1511958533.6731212	
19606.0	0.0019970703125	-4.7966003418e-06	1511958534.1732056	
19739.0	0.00208953857422	-5.57098388672e-06	1511958534.6731184	
19739.0	0.00208953857422	-5.57098388672e-06	1511958535.1734746	
20006.0	0.00208953857422	-5.57098388672e-06	1511958535.6731002	
20006.0	0.00208953857422	-5.57098388672e-06	1511958536.1730998	
20139.0	0.00208953857422	-5.57098388672e-06	1511958536.673125	
20139.0	0.00208953857422	-5.57098388672e-06	1511958537.17337	
20273.0	0.00208953857422	-5.57098388672e-06	1511958537.6731958	
20273.0	0.00208953857422	-5.57098388672e-06	1511958538.1734827	
20406.0	0.00208953857422	-5.57098388672e-06	1511958538.673227	
20406.0	0.00208953857422	-5.57098388672e-06	1511958539.1734114	
20406.0	0.00208953857422	-5.57098388672e-06	1511958539.6731079	
20539.0	0.00208953857422	-5.57098388672e-06	1511958540.1731982	
20539.0	0.00208953857422	-5.57098388672e-06	1511958540.673346	
20673.0	0.00210342407227	-6.10656738281e-06	1511958541.1731164	
20673.0	0.00210342407227	-6.10656738281e-06	1511958541.6731107	
20806.0	0.00210342407227	-6.10656738281e-06	1511958542.1731224	
20806.0	0.00210342407227	-6.10656738281e-06	1511958542.673111	
20939.0	0.00210342407227	-6.10656738281e-06	1511958543.1731133	
20939.0	0.00210342407227	-6.10656738281e-06	1511958543.673105	
21072.0	0.00210342407227	-6.10656738281e-06	1511958544.1730745	
21072.0	0.00210342407227	-6.10656738281e-06	1511958544.673092	
21072.0	0.00210342407227	-6.10656738281e-06	1511958545.1731136	
21206.0	0.00210342407227	-6.10656738281e-06	1511958545.6731136	
21206.0	0.00210342407227	-6.10656738281e-06	1511958546.1731133	
21339.0	0.00210342407227	-6.10656738281e-06	1511958546.673093	
21339.0	0.00210342407227	-6.10656738281e-06	1511958547.173373	
21472.0	0.0021159362793	-5.80444335937e-06	1511958547.6731102	
21472.0	0.0021159362793	-5.80444335937e-06	1511958548.173612	
21606.0	0.0021159362793	-5.80444335937e-06	1511958548.673122	
21606.0	0.0021159362793	-5.80444335937e-06	1511958549.1736991	
21739.0	0.0021159362793	-5.80444335937e-06	1511958549.6731057	
21739.0	0.0021159362793	-5.80444335937e-06	1511958550.1736658	
21739.0	0.0021159362793	-5.80444335937e-06	1511958550.6731076	
21872.0	0.0021159362793	-5.80444335937e-06	1511958551.1731086	
21872.0	0.0021159362793	-5.80444335937e-06	1511958551.6731193	
22005.0	0.0021159362793	-5.80444335937e-06	1511958552.173169	
22005.0	0.0021159362793	-5.80444335937e-06	1511958552.673124	
22139.0	0.0021159362793	-5.80444335937e-06	1511958553.1734831	
22139.0	0.0021159362793	-5.80444335937e-06	1511958553.673114	
22272.0	0.002109375	-7.08541870117e-06	1511958554.1732965	
22272.0	0.002109375	-7.08541870117e-06	1511958554.6731324	
22406.0	0.002109375	-7.08541870117e-06	1511958555.1731055	
22406.0	0.002109375	-7.08541870117e-06	1511958555.6731133	
22406.0	0.002109375	-7.08541870117e-06	1511958556.173106	
22539.0	0.002109375	-7.08541870117e-06	1511958556.6731095	
22539.0	0.002109375	-7.08541870117e-06	1511958557.1731956	
22672.0	0.002109375	-7.08541870117e-06	1511958557.673107	
22672.0	0.002109375	-7.08541870117e-06	1511958558.173253	
22806.0	0.002109375	-7.08541870117e-06	1511958558.673227	
22806.0	0.002109375	-7.08541870117e-06	1511958559.1733	
22939.0	0.002109375	-7.08541870117e-06	1511958559.6731122	
22939.0	0.002109375	-7.08541870117e-06	1511958560.1731687	
23072.0	0.00217025756836	-9.89532470703e-06	1511958560.6730864	
23072.0	0.00217025756836	-9.89532470703e-06	1511958561.1731007	
23072.0	0.00217025756836	-9.89532470703e-06	1511958561.6731303	
23206.0	0.00217025756836	-9.89532470703e-06	1511958562.1732807	
23206.0	0.00217025756836	-9.89532470703e-06	1511958562.6731036	
23339.0	0.00217025756836	-9.89532470703e-06	1511958563.1734772	
23339.0	0.00217025756836	-9.89532470703e-06	1511958563.6733508	
23472.0	0.00217025756836	-9.89532470703e-06	1511958564.1731775	
23472.0	0.00217025756836	-9.89532470703e-06	1511958564.6731224	

#$Filter:none
#$	0	1	 1
#$	1	op06	0.251188643150958
#$	2	op09*op09	0.015848931924611138
#$	3	op18*op18*op18	3.9810717055349725e-06
#$	4	ns12	1e-7
#$	5	0	 1e-22
#$POWER:19.8, mW
#$WAVELENGTH:1064,nm
#$OBJECT:PVDF40, bscat
position	ref	signal	Time
23757.0	0.00212203979492	-2.74963378906e-05	1511958590.9733937	
23798.0	0.00212203979492	-2.74963378906e-05	1511958591.4733794	
23798.0	0.00212203979492	-2.74963378906e-05	1511958591.9738696	
23931.0	0.00212203979492	-2.74963378906e-05	1511958592.473374	
23931.0	0.00212203979492	-2.74963378906e-05	1511958592.9738748	
24064.0	0.00212203979492	-2.74963378906e-05	1511958593.473389	
24064.0	0.00210433959961	-2.8003692627e-05	1511958593.9733996	
24198.0	0.00210433959961	-2.8003692627e-05	1511958594.473385	
24198.0	0.00210433959961	-2.8003692627e-05	1511958594.9738386	
24331.0	0.00210433959961	-2.8003692627e-05	1511958595.4733758	
24331.0	0.00210433959961	-2.8003692627e-05	1511958595.9738572	
24331.0	0.00210433959961	-2.8003692627e-05	1511958596.4734602	
24465.0	0.00210433959961	-2.8003692627e-05	1511958596.9739428	
24465.0	0.00210433959961	-2.8003692627e-05	1511958597.473497	
24598.0	0.00210433959961	-2.8003692627e-05	1511958597.9737837	
24598.0	0.00210433959961	-2.8003692627e-05	1511958598.4737809	
24731.0	0.00210433959961	-2.8003692627e-05	1511958598.9736836	
24731.0	0.00210433959961	-2.8003692627e-05	1511958599.473511	
24864.0	0.00210433959961	-2.8003692627e-05	1511958599.9736004	
24864.0	0.00204513549805	-2.93350219727e-05	1511958600.473686	
24998.0	0.00204513549805	-2.93350219727e-05	1511958600.973347	
24998.0	0.00204513549805	-2.93350219727e-05	1511958601.4737222	
24998.0	0.00204513549805	-2.93350219727e-05	1511958601.9738042	
25131.0	0.00204513549805	-2.93350219727e-05	1511958602.4736636	
25131.0	0.00204513549805	-2.93350219727e-05	1511958602.9738643	
25265.0	0.00204513549805	-2.93350219727e-05	1511958603.473584	
25265.0	0.00204513549805	-2.93350219727e-05	1511958603.9736028	
25398.0	0.00204513549805	-2.93350219727e-05	1511958604.4734154	
25398.0	0.00204513549805	-2.93350219727e-05	1511958604.9733765	
25531.0	0.00204513549805	-2.93350219727e-05	1511958605.4733856	
25531.0	0.00204513549805	-2.93350219727e-05	1511958605.9733922	
25665.0	0.00204513549805	-2.93350219727e-05	1511958606.473508	
25665.0	0.0020783996582	-3.5831451416e-05	1511958606.9733825	
25665.0	0.0020783996582	-3.5831451416e-05	1511958607.4733992	
25798.0	0.0020783996582	-3.5831451416e-05	1511958607.9733827	
25798.0	0.0020783996582	-3.5831451416e-05	1511958608.4737597	
25931.0	0.0020783996582	-3.5831451416e-05	1511958608.9737275	
25931.0	0.0020783996582	-3.5831451416e-05	1511958609.473388	
26065.0	0.0020783996582	-3.5831451416e-05	1511958609.9733815	
26065.0	0.0020783996582	-3.5831451416e-05	1511958610.4733722	
26198.0	0.0020783996582	-3.5831451416e-05	1511958610.973525	
26198.0	0.0020783996582	-3.5831451416e-05	1511958611.473396	
26331.0	0.0020783996582	-3.5831451416e-05	1511958611.973392	
26331.0	0.0020783996582	-3.5831451416e-05	1511958612.4736865	
26331.0	0.0020783996582	-3.5831451416e-05	1511958612.9738839	
26465.0	0.00210968017578	-4.0096282959e-05	1511958613.473329	
26465.0	0.00210968017578	-4.0096282959e-05	1511958613.9738264	
26598.0	0.00210968017578	-4.0096282959e-05	1511958614.4733849	
26598.0	0.00210968017578	-4.0096282959e-05	1511958614.9733872	
26731.0	0.00210968017578	-4.0096282959e-05	1511958615.4737074	
26731.0	0.00210968017578	-4.0096282959e-05	1511958615.973877	
26865.0	0.00210968017578	-4.0096282959e-05	1511958616.473624	
26865.0	0.00210968017578	-4.0096282959e-05	1511958616.9734905	
26998.0	0.00210968017578	-4.0096282959e-05	1511958617.473472	
26998.0	0.00210968017578	-4.0096282959e-05	1511958617.9739015	
26998.0	0.00210968017578	-4.0096282959e-05	1511958618.473644	
27131.0	0.00210968017578	-4.0096282959e-05	1511958618.9738681	
27131.0	0.00210968017578	-4.0096282959e-05	1511958619.4738958	
27398.0	0.00207382202148	-4.6459197998e-05	1511958619.9733772	
27398.0	0.00207382202148	-4.6459197998e-05	1511958620.4739652	
27531.0	0.00207382202148	-4.6459197998e-05	1511958620.973612	
27531.0	0.00207382202148	-4.6459197998e-05	1511958621.4733398	
27665.0	0.00207382202148	-4.6459197998e-05	1511958621.9736032	
27665.0	0.00207382202148	-4.6459197998e-05	1511958622.473424	
27798.0	0.00207382202148	-4.6459197998e-05	1511958622.973466	
27798.0	0.00207382202148	-4.6459197998e-05	1511958623.4734616	
27798.0	0.00207382202148	-4.6459197998e-05	1511958623.9738991	
27931.0	0.00207382202148	-4.6459197998e-05	1511958624.4733768	
27931.0	0.00207382202148	-4.6459197998e-05	1511958624.9733949	
28065.0	0.00207382202148	-4.6459197998e-05	1511958625.4733732	
28065.0	0.00207382202148	-4.6459197998e-05	1511958625.9733863	
28198.0	0.00200866699219	-5.3596496582e-05	1511958626.4736402	
28198.0	0.00200866699219	-5.3596496582e-05	1511958626.9733834	
28331.0	0.00200866699219	-5.3596496582e-05	1511958627.473534	
28331.0	0.00200866699219	-5.3596496582e-05	1511958627.973397	
28465.0	0.00200866699219	-5.3596496582e-05	1511958628.473353	
28465.0	0.00200866699219	-5.3596496582e-05	1511958628.9738536	
28465.0	0.00200866699219	-5.3596496582e-05	1511958629.4735155	
28598.0	0.00200866699219	-5.3596496582e-05	1511958629.9733868	
28598.0	0.00200866699219	-5.3596496582e-05	1511958630.4736366	
28732.0	0.00200866699219	-5.3596496582e-05	1511958630.9737751	
28732.0	0.00200866699219	-5.3596496582e-05	1511958631.4737325	
28865.0	0.00200866699219	-5.3596496582e-05	1511958631.9733841	
28865.0	0.00200866699219	-5.3596496582e-05	1511958632.4733858	
28998.0	0.00203079223633	-6.9408416748e-05	1511958632.9733696	
28998.0	0.00203079223633	-6.9408416748e-05	1511958633.4733884	
29132.0	0.00203079223633	-6.9408416748e-05	1511958633.9734747	
29132.0	0.00203079223633	-6.9408416748e-05	1511958634.4733756	
29132.0	0.00203079223633	-6.9408416748e-05	1511958634.973382	

#$Filter:none
#$	0	1	 1
#$	1	op06	0.251188643150958
#$	2	op09*op09	0.015848931924611138
#$	3	op18*op18*op18	3.9810717055349725e-06
#$	4	ns12	1e-7
#$	5	0	 1e-22
#$POWER:19.8, mW
#$WAVELENGTH:1064,nm
#$OBJECT:PVDF40, bscat
position	ref	signal	Time
29383.0	0.00206893920898	-5.72814941406e-05	1511958657.3181572	
29383.0	0.00206893920898	-5.72814941406e-05	1511958657.8181796	
29522.0	0.00206893920898	-5.72814941406e-05	1511958658.3182948	
29522.0	0.00206893920898	-5.72814941406e-05	1511958658.8181617	
29655.0	0.00211074829102	-6.26678466797e-05	1511958659.318175	
29655.0	0.00211074829102	-6.26678466797e-05	1511958659.8182223	
29655.0	0.00211074829102	-6.26678466797e-05	1511958660.3185406	
29788.0	0.00211074829102	-6.26678466797e-05	1511958660.8181734	
29788.0	0.00211074829102	-6.26678466797e-05	1511958661.3185227	
29922.0	0.00211074829102	-6.26678466797e-05	1511958661.818173	
29922.0	0.00211074829102	-6.26678466797e-05	1511958662.3185954	
30055.0	0.00211074829102	-6.26678466797e-05	1511958662.81817	
30055.0	0.00211074829102	-6.26678466797e-05	1511958663.3182888	
30188.0	0.00211074829102	-6.26678466797e-05	1511958663.818167	
30188.0	0.00211074829102	-6.26678466797e-05	1511958664.3185463	
30322.0	0.00211074829102	-6.26678466797e-05	1511958664.8181741	
30322.0	0.00211074829102	-6.26678466797e-05	1511958665.3186445	
30322.0	0.00202392578125	-4.56237792969e-05	1511958665.8181713	
30455.0	0.00202392578125	-4.56237792969e-05	1511958666.3181689	
30455.0	0.00202392578125	-4.56237792969e-05	1511958666.818179	
30588.0	0.00202392578125	-4.56237792969e-05	1511958667.3181717	
30588.0	0.00202392578125	-4.56237792969e-05	1511958667.8181674	
30721.0	0.00202392578125	-4.56237792969e-05	1511958668.3181648	
30721.0	0.00202392578125	-4.56237792969e-05	1511958668.8181665	
30855.0	0.00202392578125	-4.56237792969e-05	1511958669.3181696	
30855.0	0.00202392578125	-4.56237792969e-05	1511958669.8181808	
30988.0	0.00202392578125	-4.56237792969e-05	1511958670.318172	
30988.0	0.00202392578125	-4.56237792969e-05	1511958670.8181758	

#$Filter:none
#$	0	1	 1
#$	1	op06	0.251188643150958
#$	2	op09*op09	0.015848931924611138
#$	3	op18*op18*op18	3.9810717055349725e-06
#$	4	ns12	1e-7
#$	5	0	 1e-22
#$POWER:19.8, mW
#$WAVELENGTH:1064,nm
#$OBJECT:PVDF40, bscat
position	ref	signal	Time
31146.0	0.00207626342773	-7.58209228516e-06	1511958732.173951	
31146.0	0.00207626342773	-7.58209228516e-06	1511958732.6739504	
31146.0	0.00207626342773	-7.58209228516e-06	1511958733.1739573	
31272.0	0.00207626342773	-7.58209228516e-06	1511958733.6739411	
31272.0	0.00207626342773	-7.58209228516e-06	1511958734.1739614	
31405.0	0.00207626342773	-7.58209228516e-06	1511958734.6739461	
31405.0	0.00207626342773	-7.58209228516e-06	1511958735.1741085	
31539.0	0.00207626342773	-7.58209228516e-06	1511958735.6740687	
31539.0	0.00207626342773	-7.58209228516e-06	1511958736.1741917	
31672.0	0.00207626342773	-7.58209228516e-06	1511958736.6739483	
31672.0	0.00203018188477	-8.8134765625e-06	1511958737.1740472	
31805.0	0.00203018188477	-8.8134765625e-06	1511958737.6777873	
31805.0	0.00203018188477	-8.8134765625e-06	1511958738.1739786	
31805.0	0.00203018188477	-8.8134765625e-06	1511958738.6739454	
31939.0	0.00203018188477	-8.8134765625e-06	1511958739.1739495	
31939.0	0.00203018188477	-8.8134765625e-06	1511958739.6739452	
32072.0	0.00203018188477	-8.8134765625e-06	1511958740.1739492	
32072.0	0.00203018188477	-8.8134765625e-06	1511958740.6739538	
32205.0	0.00203018188477	-8.8134765625e-06	1511958741.1739142	
32205.0	0.00203018188477	-8.8134765625e-06	1511958741.6739662	
32339.0	0.00203018188477	-8.8134765625e-06	1511958742.17401	
32339.0	0.00203018188477	-8.8134765625e-06	1511958742.6739492	
32472.0	0.00203018188477	-8.8134765625e-06	1511958743.1776958	
32472.0	0.00207809448242	-7.00225830078e-06	1511958743.6739483	
32472.0	0.00207809448242	-7.00225830078e-06	1511958744.1741347	
32605.0	0.00207809448242	-7.00225830078e-06	1511958744.6739519	
32605.0	0.00207809448242	-7.00225830078e-06	1511958745.1740315	
32739.0	0.00207809448242	-7.00225830078e-06	1511958745.6739469	
32739.0	0.00207809448242	-7.00225830078e-06	1511958746.1739607	
-32664.0	0.00207809448242	-7.00225830078e-06	1511958746.6739426	
-32664.0	0.00207809448242	-7.00225830078e-06	1511958747.1739638	
-32531.0	0.00207809448242	-7.00225830078e-06	1511958747.673951	
-32531.0	0.00207809448242	-7.00225830078e-06	1511958748.174017	
-32397.0	0.00207809448242	-7.00225830078e-06	1511958748.6777565	
-32397.0	0.00207809448242	-7.00225830078e-06	1511958749.173944	
-32397.0	0.00207809448242	-7.00225830078e-06	1511958749.6739645	
-32264.0	0.0020915222168	-1.09573364258e-05	1511958750.1739566	
-32264.0	0.0020915222168	-1.09573364258e-05	1511958750.6739466	
-32131.0	0.0020915222168	-1.09573364258e-05	1511958751.1739428	
-32131.0	0.0020915222168	-1.09573364258e-05	1511958751.673948	
-31864.0	0.0020915222168	-1.09573364258e-05	1511958752.173953	
-31864.0	0.0020915222168	-1.09573364258e-05	1511958752.6739504	
-31731.0	0.0020915222168	-1.09573364258e-05	1511958753.1739497	
-31731.0	0.0020915222168	-1.09573364258e-05	1511958753.6739423	
-31597.0	0.0020915222168	-1.09573364258e-05	1511958754.1778731	
-31597.0	0.0020915222168	-1.09573364258e-05	1511958754.6739814	
-31597.0	0.0020915222168	-1.09573364258e-05	1511958755.1740592	
-31464.0	0.0020915222168	-1.09573364258e-05	1511958755.6739416	
-31464.0	0.0020915222168	-1.09573364258e-05	1511958756.1739452	
-31331.0	0.00209030151367	-9.19342041016e-06	1511958756.673911	
-31331.0	0.00209030151367	-9.19342041016e-06	1511958757.1741264	
-31197.0	0.00209030151367	-9.19342041016e-06	1511958757.674097	
-31197.0	0.00209030151367	-9.19342041016e-06	1511958758.174019	
-31064.0	0.00209030151367	-9.19342041016e-06	1511958758.6739202	
-31064.0	0.00209030151367	-9.19342041016e-06	1511958759.1741827	
-30931.0	0.00209030151367	-9.19342041016e-06	1511958759.6774347	
-30931.0	0.00209030151367	-9.19342041016e-06	1511958760.1739416	
-30931.0	0.00209030151367	-9.19342041016e-06	1511958760.6739604	
-30797.0	0.00209030151367	-9.19342041016e-06	1511958761.173942	

#$Filter:none
#$	0	1	 1
#$	1	op06	0.251188643150958
#$	2	op09*op09	0.015848931924611138
#$	3	op18*op18*op18	3.9810717055349725e-06
#$	4	ns12	1e-7
#$	5	0	 1e-22
#$POWER:19.8, mW
#$WAVELENGTH:1064,nm
#$OBJECT:PVDF40, bscat
position	ref	signal	Time
-30683.0	0.00203842163086	-3.58352661133e-05	1511958783.2809982	
-30683.0	0.00203842163086	-3.58352661133e-05	1511958783.780777	
-30567.0	0.00203842163086	-3.58352661133e-05	1511958784.281043	
-30567.0	0.00203842163086	-3.58352661133e-05	1511958784.780869	
-30434.0	0.00203842163086	-3.58352661133e-05	1511958785.2807088	
-30434.0	0.00203842163086	-3.58352661133e-05	1511958785.7807744	
-30301.0	0.00203842163086	-3.58352661133e-05	1511958786.2805698	
-30301.0	0.00203842163086	-3.58352661133e-05	1511958786.7807674	
-30167.0	0.00203842163086	-3.58352661133e-05	1511958787.280555	
-30167.0	0.00203842163086	-3.58352661133e-05	1511958787.780736	
-30034.0	0.00203842163086	-3.58352661133e-05	1511958788.2805476	
-30034.0	0.00203842163086	-3.58352661133e-05	1511958788.7807705	
-30034.0	0.00201934814453	-3.40042114258e-05	1511958789.2805529	
-29901.0	0.00201934814453	-3.40042114258e-05	1511958789.7807915	
-29901.0	0.00201934814453	-3.40042114258e-05	1511958790.2805662	
-29768.0	0.00201934814453	-3.40042114258e-05	1511958790.780942	
-29768.0	0.00201934814453	-3.40042114258e-05	1511958791.2809038	
-29634.0	0.00201934814453	-3.40042114258e-05	1511958791.7808123	
-29634.0	0.00201934814453	-3.40042114258e-05	1511958792.2810507	
-29501.0	0.00201934814453	-3.40042114258e-05	1511958792.7805536	
-29501.0	0.00201934814453	-3.40042114258e-05	1511958793.2808745	
-29367.0	0.00201934814453	-3.40042114258e-05	1511958793.7805674	
-29367.0	0.00201934814453	-3.40042114258e-05	1511958794.280546	
-29367.0	0.00201934814453	-3.40042114258e-05	1511958794.7807672	
-29234.0	0.00201934814453	-3.40042114258e-05	1511958795.2809932	
-29234.0	0.00203338623047	-6.58111572266e-05	1511958795.7807066	
-29101.0	0.00203338623047	-6.58111572266e-05	1511958796.2805445	
-29101.0	0.00203338623047	-6.58111572266e-05	1511958796.780804	
-28967.0	0.00203338623047	-6.58111572266e-05	1511958797.280552	
-28967.0	0.00203338623047	-6.58111572266e-05	1511958797.7807662	
-28834.0	0.00203338623047	-6.58111572266e-05	1511958798.2806718	
-28834.0	0.00203338623047	-6.58111572266e-05	1511958798.7809098	
-28701.0	0.00203338623047	-6.58111572266e-05	1511958799.28053	
-28701.0	0.00203338623047	-6.58111572266e-05	1511958799.7805493	
-28701.0	0.00203338623047	-6.58111572266e-05	1511958800.2805479	
-28567.0	0.00203338623047	-6.58111572266e-05	1511958800.7807653	
-28567.0	0.00203338623047	-6.58111572266e-05	1511958801.280683	
-28434.0	0.00203338623047	-6.58111572266e-05	1511958801.780956	
-28434.0	0.00201522827148	-7.43560791016e-05	1511958802.280499	
-28301.0	0.00201522827148	-7.43560791016e-05	1511958802.7808394	
-28301.0	0.00201522827148	-7.43560791016e-05	1511958803.2805617	
-28167.0	0.00201522827148	-7.43560791016e-05	1511958803.7806697	
-28167.0	0.00201522827148	-7.43560791016e-05	1511958804.2808955	
-28034.0	0.00201522827148	-7.43560791016e-05	1511958804.7806668	
-28034.0	0.00201522827148	-7.43560791016e-05	1511958805.2811315	
-28034.0	0.00201522827148	-7.43560791016e-05	1511958805.7805576	
-27901.0	0.00201522827148	-7.43560791016e-05	1511958806.2805474	
-27901.0	0.00201522827148	-7.43560791016e-05	1511958806.7807965	
-27767.0	0.00201522827148	-7.43560791016e-05	1511958807.280557	
-27767.0	0.00201522827148	-7.43560791016e-05	1511958807.780756	
-27634.0	0.00201522827148	-7.43560791016e-05	1511958808.2808654	
-27634.0	0.00202392578125	-6.7512512207e-05	1511958808.7804997	
-27501.0	0.00202392578125	-6.7512512207e-05	1511958809.2805529	
-27501.0	0.00202392578125	-6.7512512207e-05	1511958809.7805634	
-27367.0	0.00202392578125	-6.7512512207e-05	1511958810.2806811	
-27367.0	0.00202392578125	-6.7512512207e-05	1511958810.780749	
-27367.0	0.00202392578125	-6.7512512207e-05	1511958811.280556	
-27234.0	0.00202392578125	-6.7512512207e-05	1511958811.7807581	
-27234.0	0.00202392578125	-6.7512512207e-05	1511958812.2805452	
-27101.0	0.00202392578125	-6.7512512207e-05	1511958812.7805521	
-27101.0	0.00202392578125	-6.7512512207e-05	1511958813.2810745	
-26834.0	0.00202392578125	-6.7512512207e-05	1511958813.7805731	
-26834.0	0.00202392578125	-6.7512512207e-05	1511958814.280566	
-26701.0	0.00202392578125	-6.7512512207e-05	1511958814.7805665	
-26701.0	0.00194396972656	-5.98602294922e-05	1511958815.2805007	
-26568.0	0.00194396972656	-5.98602294922e-05	1511958815.7806594	
-26568.0	0.00194396972656	-5.98602294922e-05	1511958816.2805648	
-26568.0	0.00194396972656	-5.98602294922e-05	1511958816.7807229	
-26434.0	0.00194396972656	-5.98602294922e-05	1511958817.2809901	
-26434.0	0.00194396972656	-5.98602294922e-05	1511958817.7805533	
-26301.0	0.00194396972656	-5.98602294922e-05	1511958818.2808218	
-26301.0	0.00194396972656	-5.98602294922e-05	1511958818.7805283	
-26168.0	0.00194396972656	-5.98602294922e-05	1511958819.2805233	
-26168.0	0.00194396972656	-5.98602294922e-05	1511958819.7807558	
-26034.0	0.00194396972656	-5.98602294922e-05	1511958820.2805467	
-26034.0	0.00194396972656	-5.98602294922e-05	1511958820.780823	
-25901.0	0.00194396972656	-5.98602294922e-05	1511958821.2805502	
-25901.0	0.0020198059082	-4.96826171875e-05	1511958821.780633	
-25901.0	0.0020198059082	-4.96826171875e-05	1511958822.2805629	
-25768.0	0.0020198059082	-4.96826171875e-05	1511958822.7807872	
-25768.0	0.0020198059082	-4.96826171875e-05	1511958823.2807117	
-25634.0	0.0020198059082	-4.96826171875e-05	1511958823.7809548	
-25634.0	0.0020198059082	-4.96826171875e-05	1511958824.2810404	
-25501.0	0.0020198059082	-4.96826171875e-05	1511958824.7808077	
-25501.0	0.0020198059082	-4.96826171875e-05	1511958825.2805521	
-25368.0	0.0020198059082	-4.96826171875e-05	1511958825.7806594	
-25368.0	0.0020198059082	-4.96826171875e-05	1511958826.281024	
-25234.0	0.0020198059082	-4.96826171875e-05	1511958826.780695	
-25234.0	0.0020198059082	-4.96826171875e-05	1511958827.2809572	
-25234.0	0.0020198059082	-4.96826171875e-05	1511958827.780554	
-25101.0	0.00201736450195	-4.97055053711e-05	1511958828.2805488	
-25101.0	0.00201736450195	-4.97055053711e-05	1511958828.7808063	
-24968.0	0.00201736450195	-4.97055053711e-05	1511958829.2809482	
-24968.0	0.00201736450195	-4.97055053711e-05	1511958829.7808197	
-24834.0	0.00201736450195	-4.97055053711e-05	1511958830.2805543	
-24834.0	0.00201736450195	-4.97055053711e-05	1511958830.7808297	
-24701.0	0.00201736450195	-4.97055053711e-05	1511958831.2805533	
-24701.0	0.00201736450195	-4.97055053711e-05	1511958831.780624	
-24568.0	0.00201736450195	-4.97055053711e-05	1511958832.280737	
-24568.0	0.00201736450195	-4.97055053711e-05	1511958832.7808125	
-24568.0	0.00201736450195	-4.97055053711e-05	1511958833.2808704	
-24435.0	0.00201736450195	-4.97055053711e-05	1511958833.7805233	
-24435.0	0.00201736450195	-4.97055053711e-05	1511958834.2805657	
-24301.0	0.00199005126953	-3.46603393555e-05	1511958834.7806125	
-24301.0	0.00199005126953	-3.46603393555e-05	1511958835.2810218	
-24168.0	0.00199005126953	-3.46603393555e-05	1511958835.7808204	
-24168.0	0.00199005126953	-3.46603393555e-05	1511958836.2808225	
-24035.0	0.00199005126953	-3.46603393555e-05	1511958836.7806585	
-24035.0	0.00199005126953	-3.46603393555e-05	1511958837.2808864	
-23901.0	0.00199005126953	-3.46603393555e-05	1511958837.7806509	
-23901.0	0.00199005126953	-3.46603393555e-05	1511958838.28069	
-23901.0	0.00199005126953	-3.46603393555e-05	1511958838.7807505	
-23768.0	0.00199005126953	-3.46603393555e-05	1511958839.2810004	
-23768.0	0.00199005126953	-3.46603393555e-05	1511958839.7807717	
-23635.0	0.00199005126953	-3.46603393555e-05	1511958840.2809103	
-23635.0	0.00199005126953	-3.46603393555e-05	1511958840.7808738	
-23501.0	0.0021028137207	-2.53753662109e-05	1511958841.2805536	
-23501.0	0.0021028137207	-2.53753662109e-05	1511958841.780795	
-23368.0	0.0021028137207	-2.53753662109e-05	1511958842.2806983	
-23368.0	0.0021028137207	-2.53753662109e-05	1511958842.7807686	
-23235.0	0.0021028137207	-2.53753662109e-05	1511958843.2806325	
-23235.0	0.0021028137207	-2.53753662109e-05	1511958843.7807696	
-23235.0	0.0021028137207	-2.53753662109e-05	1511958844.2805793	
-23102.0	0.0021028137207	-2.53753662109e-05	1511958844.7805479	
-23102.0	0.0021028137207	-2.53753662109e-05	1511958845.2811553	
-22835.0	0.0021028137207	-2.53753662109e-05	1511958845.7806876	
-22835.0	0.0021028137207	-2.53753662109e-05	1511958846.2805574	
-22702.0	0.0021028137207	-2.53753662109e-05	1511958846.7807314	
-22702.0	0.0021028137207	-2.53753662109e-05	1511958847.280555	
-22568.0	0.00200012207031	-2.19268798828e-05	1511958847.7805445	
-22568.0	0.00200012207031	-2.19268798828e-05	1511958848.2810986	
-22435.0	0.00200012207031	-2.19268798828e-05	1511958848.7806134	
-22435.0	0.00200012207031	-2.19268798828e-05	1511958849.2806168	
-22435.0	0.00200012207031	-2.19268798828e-05	1511958849.780868	
-22302.0	0.00200012207031	-2.19268798828e-05	1511958850.2810025	
-22302.0	0.00200012207031	-2.19268798828e-05	1511958850.7805383	
-22168.0	0.00200012207031	-2.19268798828e-05	1511958851.2807279	
-22168.0	0.00200012207031	-2.19268798828e-05	1511958851.7808352	
-22035.0	0.00200012207031	-2.19268798828e-05	1511958852.2807634	
-22035.0	0.00200012207031	-2.19268798828e-05	1511958852.780541	
-21902.0	0.00200012207031	-2.19268798828e-05	1511958853.2805567	
-21902.0	0.00200012207031	-2.19268798828e-05	1511958853.7807791	
-21768.0	0.00201995849609	-1.90734863281e-05	1511958854.280502	
-21768.0	0.00201995849609	-1.90734863281e-05	1511958854.7805564	
-21768.0	0.00201995849609	-1.90734863281e-05	1511958855.281127	
-21635.0	0.00201995849609	-1.90734863281e-05	1511958855.7807634	
-21635.0	0.00201995849609	-1.90734863281e-05	1511958856.2808235	
-21502.0	0.00201995849609	-1.90734863281e-05	1511958856.7809315	
-21502.0	0.00201995849609	-1.90734863281e-05	1511958857.281011	
-21369.0	0.00201995849609	-1.90734863281e-05	1511958857.7805479	
-21369.0	0.00201995849609	-1.90734863281e-05	1511958858.2805617	
-21235.0	0.00201995849609	-1.90734863281e-05	1511958858.7807066	
-21235.0	0.00201995849609	-1.90734863281e-05	1511958859.2807631	
-21102.0	0.00201995849609	-1.90734863281e-05	1511958859.780594	
-21102.0	0.00201995849609	-1.90734863281e-05	1511958860.2806292	
-21102.0	0.00201675415039	-1.29165649414e-05	1511958860.7805023	
-20969.0	0.00201675415039	-1.29165649414e-05	1511958861.2811003	
-20969.0	0.00201675415039	-1.29165649414e-05	1511958861.7807734	
-20835.0	0.00201675415039	-1.29165649414e-05	1511958862.280881	
-20835.0	0.00201675415039	-1.29165649414e-05	1511958862.7808015	
-20702.0	0.00201675415039	-1.29165649414e-05	1511958863.280547	
-20702.0	0.00201675415039	-1.29165649414e-05	1511958863.780791	
-20569.0	0.00201675415039	-1.29165649414e-05	1511958864.2805202	

#$Filter:none
#$	0	1	 1
#$	1	op06	0.251188643150958
#$	2	op09*op09	0.015848931924611138
#$	3	op18*op18*op18	3.9810717055349725e-06
#$	4	ns12	1e-7
#$	5	0	 1e-22
#$POWER:19.8, mW
#$WAVELENGTH:1064,nm
#$OBJECT:PVDF40, bscat
position	ref	signal	Time
-20412.0	0.00209701538086	-5.4817199707e-06	1511958911.6589003	
-20412.0	0.00209701538086	-5.4817199707e-06	1511958912.1586611	
-20325.0	0.00202835083008	-4.51278686523e-06	1511958912.658654	
-20325.0	0.00202835083008	-4.51278686523e-06	1511958913.1586924	
-20325.0	0.00202835083008	-4.51278686523e-06	1511958913.6586535	
-20191.0	0.00202835083008	-4.51278686523e-06	1511958914.158972	
-20191.0	0.00202835083008	-4.51278686523e-06	1511958914.6586573	
-20058.0	0.00202835083008	-4.51278686523e-06	1511958915.1586473	
-20058.0	0.00202835083008	-4.51278686523e-06	1511958915.658702	
-19925.0	0.00202835083008	-4.51278686523e-06	1511958916.1586704	
-19925.0	0.00202835083008	-4.51278686523e-06	1511958916.6586657	
-19791.0	0.00202835083008	-4.51278686523e-06	1511958917.1586642	
-19791.0	0.00202835083008	-4.51278686523e-06	1511958917.658811	
-19658.0	0.00202835083008	-4.51278686523e-06	1511958918.1586525	
-19658.0	0.00202835083008	-4.51278686523e-06	1511958918.658654	
-19658.0	0.00200759887695	-4.96520996094e-06	1511958919.158656	
-19524.0	0.00200759887695	-4.96520996094e-06	1511958919.658747	
-19524.0	0.00200759887695	-4.96520996094e-06	1511958920.158666	
-19391.0	0.00200759887695	-4.96520996094e-06	1511958920.6587415	
-19391.0	0.00200759887695	-4.96520996094e-06	1511958921.15887	
-19258.0	0.00200759887695	-4.96520996094e-06	1511958921.6586819	
-19258.0	0.00200759887695	-4.96520996094e-06	1511958922.1589406	
-19124.0	0.00200759887695	-4.96520996094e-06	1511958922.6586876	
-19124.0	0.00200759887695	-4.96520996094e-06	1511958923.158659	
-18991.0	0.00200759887695	-4.96520996094e-06	1511958923.6586828	
-18991.0	0.00200759887695	-4.96520996094e-06	1511958924.1586645	
-18991.0	0.00200759887695	-4.96520996094e-06	1511958924.6586545	
-18858.0	0.00200759887695	-4.96520996094e-06	1511958925.1588547	
-18858.0	0.00214431762695	-4.4807434082e-06	1511958925.6586683	
-18724.0	0.00214431762695	-4.4807434082e-06	1511958926.1588392	
-18724.0	0.00214431762695	-4.4807434082e-06	1511958926.6586614	
-18458.0	0.00214431762695	-4.4807434082e-06	1511958927.1586645	
-18458.0	0.00214431762695	-4.4807434082e-06	1511958927.6586576	
-18324.0	0.00214431762695	-4.4807434082e-06	1511958928.1589782	
-18324.0	0.00214431762695	-4.4807434082e-06	1511958928.658963	
-18191.0	0.00214431762695	-4.4807434082e-06	1511958929.1589231	
-18191.0	0.00214431762695	-4.4807434082e-06	1511958929.6586595	
-18191.0	0.00214431762695	-4.4807434082e-06	1511958930.15867	
-18057.0	0.00214431762695	-4.4807434082e-06	1511958930.6587086	
-18057.0	0.00214431762695	-4.4807434082e-06	1511958931.1590357	
-17924.0	0.00214431762695	-4.4807434082e-06	1511958931.6586065	
-17924.0	0.00206314086914	-4.80728149414e-06	1511958932.1586642	
-17791.0	0.00206314086914	-4.80728149414e-06	1511958932.6586542	
-17791.0	0.00206314086914	-4.80728149414e-06	1511958933.158671	
-17658.0	0.00206314086914	-4.80728149414e-06	1511958933.6587002	
-17658.0	0.00206314086914	-4.80728149414e-06	1511958934.1586373	
-17524.0	0.00206314086914	-4.80728149414e-06	1511958934.6586683	
-17524.0	0.00206314086914	-4.80728149414e-06	1511958935.1586175	
-17524.0	0.00206314086914	-4.80728149414e-06	1511958935.6586533	
-17391.0	0.00206314086914	-4.80728149414e-06	1511958936.158674	
-17391.0	0.00206314086914	-4.80728149414e-06	1511958936.6586804	
-17257.0	0.00206314086914	-4.80728149414e-06	1511958937.1586637	
-17257.0	0.00206314086914	-4.80728149414e-06	1511958937.6586597	
-17124.0	0.00206314086914	-4.80728149414e-06	1511958938.158682	
-17124.0	0.00204513549805	-3.72848510742e-06	1511958938.6586726	
-16991.0	0.00204513549805	-3.72848510742e-06	1511958939.1588073	
-16991.0	0.00204513549805	-3.72848510742e-06	1511958939.6587415	
-16857.0	0.00204513549805	-3.72848510742e-06	1511958940.1588752	
-16857.0	0.00204513549805	-3.72848510742e-06	1511958940.6589413	
-16857.0	0.00204513549805	-3.72848510742e-06	1511958941.1590712	
-16724.0	0.00204513549805	-3.72848510742e-06	1511958941.6586797	
-16724.0	0.00204513549805	-3.72848510742e-06	1511958942.1586554	
-16591.0	0.00204513549805	-3.72848510742e-06	1511958942.6586633	
-16591.0	0.00204513549805	-3.72848510742e-06	1511958943.1589684	
-16457.0	0.00204513549805	-3.72848510742e-06	1511958943.6586506	
-16457.0	0.00204513549805	-3.72848510742e-06	1511958944.159191	
-16324.0	0.00204513549805	-3.72848510742e-06	1511958944.658649	
-16324.0	0.00202178955078	-3.68881225586e-06	1511958945.158667	
-16191.0	0.00202178955078	-3.68881225586e-06	1511958945.6586573	
-16191.0	0.00202178955078	-3.68881225586e-06	1511958946.1586626	
-16191.0	0.00202178955078	-3.68881225586e-06	1511958946.6586502	
-16058.0	0.00202178955078	-3.68881225586e-06	1511958947.158657	
-16058.0	0.00202178955078	-3.68881225586e-06	1511958947.658663	
-15924.0	0.00202178955078	-3.68881225586e-06	1511958948.1589854	
-15924.0	0.00202178955078	-3.68881225586e-06	1511958948.6586347	
-15791.0	0.00202178955078	-3.68881225586e-06	1511958949.1589646	
-15791.0	0.00202178955078	-3.68881225586e-06	1511958949.6586525	
-15657.0	0.00202178955078	-3.68881225586e-06	1511958950.158869	
-15657.0	0.00202178955078	-3.68881225586e-06	1511958950.658989	
-15524.0	0.00202178955078	-3.68881225586e-06	1511958951.1586719	
-15524.0	0.00207595825195	-3.73001098633e-06	1511958951.6586626	
-15524.0	0.00207595825195	-3.73001098633e-06	1511958952.1590946	
-15391.0	0.00207595825195	-3.73001098633e-06	1511958952.6586463	
-15391.0	0.00207595825195	-3.73001098633e-06	1511958953.1586719	
-15258.0	0.00207595825195	-3.73001098633e-06	1511958953.6586635	
-15258.0	0.00207595825195	-3.73001098633e-06	1511958954.1587086	
-15124.0	0.00207595825195	-3.73001098633e-06	1511958954.6586504	
-15124.0	0.00207595825195	-3.73001098633e-06	1511958955.1587214	
-14991.0	0.00207595825195	-3.73001098633e-06	1511958955.658651	
-14991.0	0.00207595825195	-3.73001098633e-06	1511958956.1592085	
-14858.0	0.00207595825195	-3.73001098633e-06	1511958956.6586976	
-14858.0	0.00207595825195	-3.73001098633e-06	1511958957.158845	
-14858.0	0.00207595825195	-3.73001098633e-06	1511958957.658951	
-14591.0	0.0020719909668	-2.86407470703e-06	1511958958.158671	
-14591.0	0.0020719909668	-2.86407470703e-06	1511958958.6586692	
-14458.0	0.0020719909668	-2.86407470703e-06	1511958959.1586478	
-14458.0	0.0020719909668	-2.86407470703e-06	1511958959.6586525	
-14324.0	0.0020719909668	-2.86407470703e-06	1511958960.1590075	
-14324.0	0.0020719909668	-2.86407470703e-06	1511958960.6587062	
-14191.0	0.0020719909668	-2.86407470703e-06	1511958961.1587057	
-14191.0	0.0020719909668	-2.86407470703e-06	1511958961.6586292	
-14058.0	0.0020719909668	-2.86407470703e-06	1511958962.1586637	
-14058.0	0.0020719909668	-2.86407470703e-06	1511958962.6588392	
-14058.0	0.0020719909668	-2.86407470703e-06	1511958963.158652	
-13924.0	0.0020719909668	-2.86407470703e-06	1511958963.6589074	
-13924.0	0.0020719909668	-2.86407470703e-06	1511958964.1591597	
-13791.0	0.00205413818359	-2.72445678711e-06	1511958964.6586585	
-13791.0	0.00205413818359	-2.72445678711e-06	1511958965.1586523	
-13658.0	0.00205413818359	-2.72445678711e-06	1511958965.6586516	
-13658.0	0.00205413818359	-2.72445678711e-06	1511958966.15904	
-13524.0	0.00205413818359	-2.72445678711e-06	1511958966.658889	
-13524.0	0.00205413818359	-2.72445678711e-06	1511958967.1586518	
-13391.0	0.00205413818359	-2.72445678711e-06	1511958967.658647	
-13391.0	0.00205413818359	-2.72445678711e-06	1511958968.1586819	
-13391.0	0.00205413818359	-2.72445678711e-06	1511958968.6587162	
-13258.0	0.00205413818359	-2.72445678711e-06	1511958969.1586616	
-13258.0	0.00205413818359	-2.72445678711e-06	1511958969.6586905	
-13125.0	0.00205413818359	-2.72445678711e-06	1511958970.1592028	
-13125.0	0.00205413818359	-2.72445678711e-06	1511958970.6586752	
-12991.0	0.0020881652832	-1.98669433594e-06	1511958971.1586616	
-12991.0	0.0020881652832	-1.98669433594e-06	1511958971.658921	
-12858.0	0.0020881652832	-1.98669433594e-06	1511958972.1589673	
-12858.0	0.0020881652832	-1.98669433594e-06	1511958972.6586497	
-12725.0	0.0020881652832	-1.98669433594e-06	1511958973.1586587	
-12725.0	0.0020881652832	-1.98669433594e-06	1511958973.6586595	
-12725.0	0.0020881652832	-1.98669433594e-06	1511958974.1586914	
-12591.0	0.0020881652832	-1.98669433594e-06	1511958974.6586192	
-12591.0	0.0020881652832	-1.98669433594e-06	1511958975.158674	
-12458.0	0.0020881652832	-1.98669433594e-06	1511958975.6586506	
-12458.0	0.0020881652832	-1.98669433594e-06	1511958976.1587214	
-12325.0	0.0020881652832	-1.98669433594e-06	1511958976.6586604	
-12325.0	0.0020881652832	-1.98669433594e-06	1511958977.1592507	
-12192.0	0.00201171875	-2.00576782227e-06	1511958977.6588438	
-12192.0	0.00201171875	-2.00576782227e-06	1511958978.1591935	
-12058.0	0.00201171875	-2.00576782227e-06	1511958978.65867	
-12058.0	0.00201171875	-2.00576782227e-06	1511958979.1589532	
-12058.0	0.00201171875	-2.00576782227e-06	1511958979.658657	
-11925.0	0.00201171875	-2.00576782227e-06	1511958980.159083	
-11925.0	0.00201171875	-2.00576782227e-06	1511958980.6588352	
-11792.0	0.00201171875	-2.00576782227e-06	1511958981.1586542	
-11792.0	0.00201171875	-2.00576782227e-06	1511958981.6586497	
-11658.0	0.00201171875	-2.00576782227e-06	1511958982.158666	
-11658.0	0.00201171875	-2.00576782227e-06	1511958982.6586533	
-11525.0	0.00201171875	-2.00576782227e-06	1511958983.1587973	
-11525.0	0.00201171875	-2.00576782227e-06	1511958983.65868	
-11392.0	0.00198150634766	-2.15072631836e-06	1511958984.1586108	
-11392.0	0.00198150634766	-2.15072631836e-06	1511958984.6586611	
-11392.0	0.00198150634766	-2.15072631836e-06	1511958985.158706	
-11258.0	0.00198150634766	-2.15072631836e-06	1511958985.6586556	
-11258.0	0.00198150634766	-2.15072631836e-06	1511958986.1586623	
-11125.0	0.00198150634766	-2.15072631836e-06	1511958986.6586785	
-11125.0	0.00198150634766	-2.15072631836e-06	1511958987.1586633	
-10858.0	0.00198150634766	-2.15072631836e-06	1511958987.658605	
-10858.0	0.00198150634766	-2.15072631836e-06	1511958988.1588361	
-10858.0	0.00198150634766	-2.15072631836e-06	1511958988.6589277	
-10858.0	0.00198150634766	-2.15072631836e-06	1511958989.15925	
-10725.0	0.00198150634766	-2.15072631836e-06	1511958989.658672	
-10725.0	0.00198150634766	-2.15072631836e-06	1511958990.1586647	
-10725.0	0.0020426940918	-1.81884765625e-06	1511958990.658608	
-10458.0	0.0020426940918	-1.81884765625e-06	1511958991.1590598	
-10458.0	0.0020426940918	-1.81884765625e-06	1511958991.6589575	
-10325.0	0.0020426940918	-1.81884765625e-06	1511958992.1586652	
-10325.0	0.0020426940918	-1.81884765625e-06	1511958992.6588027	
-10192.0	0.0020426940918	-1.81884765625e-06	1511958993.1589854	
-10192.0	0.0020426940918	-1.81884765625e-06	1511958993.6586702	
-10058.0	0.0020426940918	-1.81884765625e-06	1511958994.1586986	
-10058.0	0.0020426940918	-1.81884765625e-06	1511958994.6586566	
-9925.0	0.0020426940918	-1.81884765625e-06	1511958995.1586637	
-9925.0	0.0020426940918	-1.81884765625e-06	1511958995.658681	
-9925.0	0.0020426940918	-1.81884765625e-06	1511958996.159246	
-9792.0	0.0020426940918	-1.81884765625e-06	1511958996.6586099	
-9792.0	0.00207534790039	-1.48773193359e-06	1511958997.1586585	
-9659.0	0.00207534790039	-1.48773193359e-06	1511958997.6587362	
-9659.0	0.00207534790039	-1.48773193359e-06	1511958998.1588829	
-9525.0	0.00207534790039	-1.48773193359e-06	1511958998.6586878	
-9525.0	0.00207534790039	-1.48773193359e-06	1511958999.1589305	
-9392.0	0.00207534790039	-1.48773193359e-06	1511958999.6590128	
-9392.0	0.00207534790039	-1.48773193359e-06	1511959000.1591525	
-9259.0	0.00207534790039	-1.48773193359e-06	1511959000.658656	
-9259.0	0.00207534790039	-1.48773193359e-06	1511959001.159292	
-9259.0	0.00207534790039	-1.48773193359e-06	1511959001.6588795	
-9125.0	0.00207534790039	-1.48773193359e-06	1511959002.1590328	
-9125.0	0.00207534790039	-1.48773193359e-06	1511959002.6586561	
-8992.0	0.00207534790039	-1.48773193359e-06	1511959003.1586561	
-8992.0	0.00204330444336	-1.39923095703e-06	1511959003.6586614	
-8859.0	0.00204330444336	-1.39923095703e-06	1511959004.159175	
-8859.0	0.00204330444336	-1.39923095703e-06	1511959004.6586545	
-8725.0	0.00204330444336	-1.39923095703e-06	1511959005.1586635	
-8725.0	0.00204330444336	-1.39923095703e-06	1511959005.6586852	
-8592.0	0.00204330444336	-1.39923095703e-06	1511959006.1586616	
-8592.0	0.00204330444336	-1.39923095703e-06	1511959006.6586516	
-8592.0	0.00204330444336	-1.39923095703e-06	1511959007.1588523	
-8459.0	0.00204330444336	-1.39923095703e-06	1511959007.658744	
-8459.0	0.00204330444336	-1.39923095703e-06	1511959008.1591191	
-8325.0	0.00204330444336	-1.39923095703e-06	1511959008.658664	
-8325.0	0.00204330444336	-1.39923095703e-06	1511959009.1586816	
-8192.0	0.00204330444336	-1.39923095703e-06	1511959009.6586707	
-8192.0	0.00207260131836	-1.171875e-06	1511959010.1586635	
-8059.0	0.00207260131836	-1.171875e-06	1511959010.6586332	
-8059.0	0.00207260131836	-1.171875e-06	1511959011.1588476	
-8059.0	0.00207260131836	-1.171875e-06	1511959011.6587234	
-8059.0	0.00207260131836	-1.171875e-06	1511959012.1592212	
-8059.0	0.00207260131836	-1.171875e-06	1511959012.6587481	
-8059.0	0.00207260131836	-1.171875e-06	1511959013.15921	
-8059.0	0.00207260131836	-1.171875e-06	1511959013.658669	
-7665.0	0.00207260131836	-1.171875e-06	1511959014.1587086	
-7665.0	0.00207260131836	-1.171875e-06	1511959014.6586692	
-7532.0	0.00207260131836	-1.171875e-06	1511959015.1589456	
-7532.0	0.00207260131836	-1.171875e-06	1511959015.6586597	
-7399.0	0.00207260131836	-1.171875e-06	1511959016.1587367	
-7399.0	0.00210494995117	-1.15509033203e-06	1511959016.6586425	
-7265.0	0.00210494995117	-1.15509033203e-06	1511959017.1589372	
-7265.0	0.00210494995117	-1.15509033203e-06	1511959017.6586673	
-7265.0	0.00210494995117	-1.15509033203e-06	1511959018.1591113	
-7132.0	0.00210494995117	-1.15509033203e-06	1511959018.6587095	
-7132.0	0.00210494995117	-1.15509033203e-06	1511959019.1589859	
-6865.0	0.00210494995117	-1.15509033203e-06	1511959019.6586466	
-6865.0	0.00210494995117	-1.15509033203e-06	1511959020.158612	
-6732.0	0.00210494995117	-1.15509033203e-06	1511959020.6586607	
-6732.0	0.00210494995117	-1.15509033203e-06	1511959021.1586668	
-6599.0	0.00210494995117	-1.15509033203e-06	1511959021.6587315	
-6599.0	0.00210494995117	-1.15509033203e-06	1511959022.1592097	
-6465.0	0.00210494995117	-1.15509033203e-06	1511959022.6587045	
-6465.0	0.00206954956055	-1.28326416016e-06	1511959023.1629066	
-6465.0	0.00206954956055	-1.28326416016e-06	1511959023.6586704	
-6332.0	0.00206954956055	-1.28326416016e-06	1511959024.1586637	
-6332.0	0.00206954956055	-1.28326416016e-06	1511959024.658664	
-6199.0	0.00206954956055	-1.28326416016e-06	1511959025.1586835	
-6199.0	0.00206954956055	-1.28326416016e-06	1511959025.6587062	
-6066.0	0.00206954956055	-1.28326416016e-06	1511959026.158681	
-6066.0	0.00206954956055	-1.28326416016e-06	1511959026.6662786	
-5932.0	0.00206954956055	-1.28326416016e-06	1511959027.158659	
-5932.0	0.00206954956055	-1.28326416016e-06	1511959027.6586673	
-5799.0	0.00206954956055	-1.28326416016e-06	1511959028.2184424	
-5799.0	0.00206954956055	-1.28326416016e-06	1511959028.6590412	
-5799.0	0.00206954956055	-1.28326416016e-06	1511959029.1586332	
-5666.0	0.00206954956055	-1.28326416016e-06	1511959029.6586392	
-5666.0	0.00203109741211	-9.82666015625e-07	1511959030.1586664	
-5532.0	0.00203109741211	-9.82666015625e-07	1511959030.6586094	
-5532.0	0.00203109741211	-9.82666015625e-07	1511959031.1586578	
-5399.0	0.00203109741211	-9.82666015625e-07	1511959031.6586552	
-5399.0	0.00203109741211	-9.82666015625e-07	1511959032.1586504	
-5266.0	0.00203109741211	-9.82666015625e-07	1511959032.6586506	
