
#$Filter:none
#$	0	1	 1
#$	1	op06	0.251188643150958
#$	2	op09*op09	0.015848931924611138
#$	3	op18*op18*op18	3.9810717055349725e-06
#$	4	ns12	1e-7
#$	5	0	 1e-22
#$POWER:19.8, mW
#$WAVELENGTH:1064,nm
#$OBJECT:PVDF40, bscat
position	ref	signal	Time
-25955.0	0.00204345703125	-1.34658813477e-06	1511961964.4092195	
-25955.0	0.00204345703125	-1.34658813477e-06	1511961964.909232	
-25955.0	0.00204345703125	-1.34658813477e-06	1511961965.4091702	
-26051.0	0.00204345703125	-1.34658813477e-06	1511961965.9092157	
-26051.0	0.00205062866211	-1.14822387695e-06	1511961966.4092267	
-26162.0	0.00205062866211	-1.14822387695e-06	1511961966.909223	
-26162.0	0.00205062866211	-1.14822387695e-06	1511961967.4092412	
-26273.0	0.00205062866211	-1.14822387695e-06	1511961967.9092138	
-26273.0	0.00205062866211	-1.14822387695e-06	1511961968.4092462	
-26383.0	0.00205062866211	-1.14822387695e-06	1511961968.9092777	
-26383.0	0.00205062866211	-1.14822387695e-06	1511961969.4091742	
-26383.0	0.00205062866211	-1.14822387695e-06	1511961969.9092205	
-26494.0	0.00205062866211	-1.14822387695e-06	1511961970.409362	
-26494.0	0.00205062866211	-1.14822387695e-06	1511961970.9092145	
-26605.0	0.00205062866211	-1.14822387695e-06	1511961971.409195	
-26605.0	0.00205062866211	-1.14822387695e-06	1511961971.9092314	
-26716.0	0.00205062866211	-1.14822387695e-06	1511961972.4092345	
-26716.0	0.00201934814453	-1.60827636719e-06	1511961972.9091816	
-26827.0	0.00201934814453	-1.60827636719e-06	1511961973.4092224	
-26827.0	0.00201934814453	-1.60827636719e-06	1511961973.9092178	
-26938.0	0.00201934814453	-1.60827636719e-06	1511961974.4092855	
-26938.0	0.00201934814453	-1.60827636719e-06	1511961974.9092162	
-26938.0	0.00201934814453	-1.60827636719e-06	1511961975.4092162	
-27049.0	0.00201934814453	-1.60827636719e-06	1511961975.9092271	
-27049.0	0.00201934814453	-1.60827636719e-06	1511961976.409266	
-27159.0	0.00201934814453	-1.60827636719e-06	1511961976.9092178	
-27159.0	0.00201934814453	-1.60827636719e-06	1511961977.4093068	
-27376.0	0.00201934814453	-1.60827636719e-06	1511961977.9092145	
-27376.0	0.00201934814453	-1.60827636719e-06	1511961978.4093015	
-27487.0	0.00201934814453	-1.60827636719e-06	1511961978.909214	
-27487.0	0.00203765869141	-7.71331787109e-07	1511961979.4092255	
-27597.0	0.00203765869141	-7.71331787109e-07	1511961979.9092143	
-27597.0	0.00203765869141	-7.71331787109e-07	1511961980.4092367	
-27597.0	0.00203765869141	-7.71331787109e-07	1511961980.909224	
-27708.0	0.00203765869141	-7.71331787109e-07	1511961981.4092374	
-27708.0	0.00203765869141	-7.71331787109e-07	1511961981.9092271	
-27819.0	0.00203765869141	-7.71331787109e-07	1511961982.4092546	
-27819.0	0.00203765869141	-7.71331787109e-07	1511961982.9092221	
-27930.0	0.00203765869141	-7.71331787109e-07	1511961983.409215	
-27930.0	0.00203765869141	-7.71331787109e-07	1511961983.9092262	

#$Filter:none
#$	0	1	 1
#$	1	op06	0.251188643150958
#$	2	op09*op09	0.015848931924611138
#$	3	op18*op18*op18	3.9810717055349725e-06
#$	4	ns12	1e-7
#$	5	0	 1e-22
#$POWER:19.8, mW
#$WAVELENGTH:1064,nm
#$OBJECT:PVDF40, bscat
position	ref	signal	Time
-28051.0	0.00198623657227	-9.70458984375e-07	1511961995.3335254	
-28051.0	0.00198623657227	-9.70458984375e-07	1511961995.8335133	
-28051.0	0.00198623657227	-9.70458984375e-07	1511961996.333678	
-27972.0	0.00198623657227	-9.70458984375e-07	1511961996.833628	
-27972.0	0.00198623657227	-9.70458984375e-07	1511961997.3336542	
-27861.0	0.00198623657227	-9.70458984375e-07	1511961997.8336701	
-27861.0	0.00198623657227	-9.70458984375e-07	1511961998.333483	
-27750.0	0.00199859619141	-1.52740478516e-06	1511961998.8335946	
-27750.0	0.00199859619141	-1.52740478516e-06	1511961999.3335288	
-27639.0	0.00199859619141	-1.52740478516e-06	1511961999.8335094	
-27639.0	0.00199859619141	-1.52740478516e-06	1511962000.333518	
-27528.0	0.00199859619141	-1.52740478516e-06	1511962000.8337686	
-27528.0	0.00199859619141	-1.52740478516e-06	1511962001.3335292	
-27528.0	0.00199859619141	-1.52740478516e-06	1511962001.8335285	
-27418.0	0.00199859619141	-1.52740478516e-06	1511962002.3335195	
-27418.0	0.00199859619141	-1.52740478516e-06	1511962002.833466	
-27307.0	0.00199859619141	-1.52740478516e-06	1511962003.3335266	
-27307.0	0.00199859619141	-1.52740478516e-06	1511962003.8335967	
-27196.0	0.00199859619141	-1.52740478516e-06	1511962004.333731	
-27196.0	0.00199859619141	-1.52740478516e-06	1511962004.833603	
-27085.0	0.00206619262695	-1.07040405273e-06	1511962005.3337526	
-27085.0	0.00206619262695	-1.07040405273e-06	1511962005.8335295	
-26974.0	0.00206619262695	-1.07040405273e-06	1511962006.3335967	
-26974.0	0.00206619262695	-1.07040405273e-06	1511962006.8336158	
-26974.0	0.00206619262695	-1.07040405273e-06	1511962007.333568	
-26863.0	0.00206619262695	-1.07040405273e-06	1511962007.8336134	
-26863.0	0.00206619262695	-1.07040405273e-06	1511962008.3335183	
-26641.0	0.00206619262695	-1.07040405273e-06	1511962008.8335826	
-26641.0	0.00206619262695	-1.07040405273e-06	1511962009.3334675	
-26531.0	0.00206619262695	-1.07040405273e-06	1511962009.8336084	
-26531.0	0.00206619262695	-1.07040405273e-06	1511962010.3337567	
-26420.0	0.00206619262695	-1.07040405273e-06	1511962010.833576	
-26420.0	0.00206619262695	-1.07040405273e-06	1511962011.3334677	
-26309.0	0.00200180053711	-9.33074951172e-07	1511962011.8337064	
-26309.0	0.00200180053711	-9.33074951172e-07	1511962012.333672	
-26309.0	0.00200180053711	-9.33074951172e-07	1511962012.8335125	
-26198.0	0.00200180053711	-9.33074951172e-07	1511962013.3340921	
-26198.0	0.00200180053711	-9.33074951172e-07	1511962013.8335288	
-26087.0	0.00200180053711	-9.33074951172e-07	1511962014.3339002	
-26087.0	0.00200180053711	-9.33074951172e-07	1511962014.8335235	
-25976.0	0.00200180053711	-9.33074951172e-07	1511962015.3335133	
-25976.0	0.00200180053711	-9.33074951172e-07	1511962015.833639	
-25866.0	0.00200180053711	-9.33074951172e-07	1511962016.3335216	
-25866.0	0.00200180053711	-9.33074951172e-07	1511962016.833528	
-25755.0	0.00200180053711	-9.33074951172e-07	1511962017.3335133	
-25755.0	0.00200180053711	-9.33074951172e-07	1511962017.8335245	
-25755.0	0.00207870483398	-9.60540771484e-07	1511962018.333468	
-25644.0	0.00207870483398	-9.60540771484e-07	1511962018.8335025	
-25644.0	0.00207870483398	-9.60540771484e-07	1511962019.3335314	
-25533.0	0.00207870483398	-9.60540771484e-07	1511962019.8335898	
-25533.0	0.00207870483398	-9.60540771484e-07	1511962020.333899	
-25422.0	0.00207870483398	-9.60540771484e-07	1511962020.8336258	
-25422.0	0.00207870483398	-9.60540771484e-07	1511962021.3336651	
-25311.0	0.00207870483398	-9.60540771484e-07	1511962021.8336291	
-25311.0	0.00207870483398	-9.60540771484e-07	1511962022.3335202	
-25200.0	0.00207870483398	-9.60540771484e-07	1511962022.8336093	
-25200.0	0.00207870483398	-9.60540771484e-07	1511962023.3337693	
-25200.0	0.00207870483398	-9.60540771484e-07	1511962023.8335996	
-25090.0	0.00207870483398	-9.60540771484e-07	1511962024.3335001	
-25090.0	0.00207717895508	-1.46942138672e-06	1511962024.8335671	
-24979.0	0.00207717895508	-1.46942138672e-06	1511962025.3338482	
-24979.0	0.00207717895508	-1.46942138672e-06	1511962025.833523	
-24868.0	0.00207717895508	-1.46942138672e-06	1511962026.3338304	
-24868.0	0.00207717895508	-1.46942138672e-06	1511962026.8335958	
-24757.0	0.00207717895508	-1.46942138672e-06	1511962027.3337705	
-24757.0	0.00207717895508	-1.46942138672e-06	1511962027.8336039	
-24646.0	0.00207717895508	-1.46942138672e-06	1511962028.3335147	
-24646.0	0.00207717895508	-1.46942138672e-06	1511962028.8335242	
-24646.0	0.00207717895508	-1.46942138672e-06	1511962029.3335755	
-24535.0	0.00207717895508	-1.46942138672e-06	1511962029.833599	
-24535.0	0.00207717895508	-1.46942138672e-06	1511962030.3338416	
-24424.0	0.00207717895508	-1.46942138672e-06	1511962030.8336222	
-24424.0	0.00207473754883	-1.27334594727e-06	1511962031.3335042	
-24313.0	0.00207473754883	-1.27334594727e-06	1511962031.8335974	
-24313.0	0.00207473754883	-1.27334594727e-06	1511962032.3337991	
-24203.0	0.00207473754883	-1.27334594727e-06	1511962032.8335183	
-24203.0	0.00207473754883	-1.27334594727e-06	1511962033.3335214	
-24092.0	0.00207473754883	-1.27334594727e-06	1511962033.8336058	
-24092.0	0.00207473754883	-1.27334594727e-06	1511962034.3335268	
-24092.0	0.00207473754883	-1.27334594727e-06	1511962034.8336334	
-23981.0	0.00207473754883	-1.27334594727e-06	1511962035.334032	
-23981.0	0.00207473754883	-1.27334594727e-06	1511962035.8336644	
-23870.0	0.00207473754883	-1.27334594727e-06	1511962036.333962	
-23870.0	0.00207473754883	-1.27334594727e-06	1511962036.833612	
-23759.0	0.00207473754883	-1.27334594727e-06	1511962037.3338914	
-23759.0	0.00199890136719	-1.90277099609e-06	1511962037.833525	
-23648.0	0.00199890136719	-1.90277099609e-06	1511962038.333783	
-23648.0	0.00199890136719	-1.90277099609e-06	1511962038.8336005	
-23538.0	0.00199890136719	-1.90277099609e-06	1511962039.333514	
-23538.0	0.00199890136719	-1.90277099609e-06	1511962039.8336341	
-23538.0	0.00199890136719	-1.90277099609e-06	1511962040.334094	
-23316.0	0.00199890136719	-1.90277099609e-06	1511962040.8336341	
-23316.0	0.00199890136719	-1.90277099609e-06	1511962041.3335094	
-23205.0	0.00199890136719	-1.90277099609e-06	1511962041.8335896	
-23205.0	0.00199890136719	-1.90277099609e-06	1511962042.3339	
-23094.0	0.00199890136719	-1.90277099609e-06	1511962042.8335118	
-23094.0	0.00199890136719	-1.90277099609e-06	1511962043.3335292	
-22983.0	0.00199890136719	-1.90277099609e-06	1511962043.8335073	
-22983.0	0.00202270507813	-1.63879394531e-06	1511962044.333549	
-22872.0	0.00202270507813	-1.63879394531e-06	1511962044.8334846	
-22872.0	0.00202270507813	-1.63879394531e-06	1511962045.3336635	
-22872.0	0.00202270507813	-1.63879394531e-06	1511962045.833664	
-22762.0	0.00202270507813	-1.63879394531e-06	1511962046.3340821	
-22762.0	0.00202270507813	-1.63879394531e-06	1511962046.8335245	
-22651.0	0.00202270507813	-1.63879394531e-06	1511962047.3339121	
-22651.0	0.00202270507813	-1.63879394531e-06	1511962047.8335795	
-22540.0	0.00202270507813	-1.63879394531e-06	1511962048.3335104	
-22540.0	0.00202270507813	-1.63879394531e-06	1511962048.833612	
-22429.0	0.00202270507813	-1.63879394531e-06	1511962049.333515	
-22429.0	0.00202270507813	-1.63879394531e-06	1511962049.8336365	
-22318.0	0.00202270507813	-1.63879394531e-06	1511962050.333517	
-22318.0	0.00201095581055	-1.63955688477e-06	1511962050.8335187	
-22318.0	0.00201095581055	-1.63955688477e-06	1511962051.3335195	
-22207.0	0.00201095581055	-1.63955688477e-06	1511962051.8336377	
-22207.0	0.00201095581055	-1.63955688477e-06	1511962052.3336947	
-22096.0	0.00201095581055	-1.63955688477e-06	1511962052.833525	
-22096.0	0.00201095581055	-1.63955688477e-06	1511962053.3336835	
-21986.0	0.00201095581055	-1.63955688477e-06	1511962053.8335185	
-21986.0	0.00201095581055	-1.63955688477e-06	1511962054.3334858	
-21875.0	0.00201095581055	-1.63955688477e-06	1511962054.8335133	
-21875.0	0.00201095581055	-1.63955688477e-06	1511962055.3337576	
-21764.0	0.00201095581055	-1.63955688477e-06	1511962055.8335202	
-21764.0	0.00201095581055	-1.63955688477e-06	1511962056.3335268	
-21764.0	0.00201095581055	-1.63955688477e-06	1511962056.833587	
-21653.0	0.00203247070312	-2.36282348633e-06	1511962057.333473	
-21653.0	0.00203247070312	-2.36282348633e-06	1511962057.8335235	
-21542.0	0.00203247070312	-2.36282348633e-06	1511962058.3339655	
-21542.0	0.00203247070312	-2.36282348633e-06	1511962058.8335133	
-21431.0	0.00203247070312	-2.36282348633e-06	1511962059.3337073	
-21431.0	0.00203247070312	-2.36282348633e-06	1511962059.8335648	
-21321.0	0.00203247070312	-2.36282348633e-06	1511962060.333516	
-21321.0	0.00203247070312	-2.36282348633e-06	1511962060.833492	
-21210.0	0.00203247070312	-2.36282348633e-06	1511962061.3335235	
-21210.0	0.00203247070312	-2.36282348633e-06	1511962061.833605	
-21210.0	0.00203247070312	-2.36282348633e-06	1511962062.3335292	
-21099.0	0.00203247070312	-2.36282348633e-06	1511962062.8335137	
-21099.0	0.00203247070312	-2.36282348633e-06	1511962063.333775	
-20988.0	0.00202041625977	-2.45132446289e-06	1511962063.833469	
-20988.0	0.00202041625977	-2.45132446289e-06	1511962064.333915	
-20877.0	0.00202041625977	-2.45132446289e-06	1511962064.8335204	
-20877.0	0.00202041625977	-2.45132446289e-06	1511962065.3335521	
-20766.0	0.00202041625977	-2.45132446289e-06	1511962065.8335884	
-20766.0	0.00202041625977	-2.45132446289e-06	1511962066.3336089	
-20656.0	0.00202041625977	-2.45132446289e-06	1511962066.833475	
-20656.0	0.00202041625977	-2.45132446289e-06	1511962067.3334563	
-20656.0	0.00202041625977	-2.45132446289e-06	1511962067.8335044	
-20545.0	0.00202041625977	-2.45132446289e-06	1511962068.3335114	
-20545.0	0.00202041625977	-2.45132446289e-06	1511962068.833531	
-20434.0	0.00202041625977	-2.45132446289e-06	1511962069.3339002	
-20434.0	0.00202041625977	-2.45132446289e-06	1511962069.8335295	
-20323.0	0.00203414916992	-2.3307800293e-06	1511962070.3336668	
-20323.0	0.00203414916992	-2.3307800293e-06	1511962070.833529	
-20101.0	0.00203414916992	-2.3307800293e-06	1511962071.3335352	
-20101.0	0.00203414916992	-2.3307800293e-06	1511962071.8336394	
-19991.0	0.00203414916992	-2.3307800293e-06	1511962072.3335202	
-19991.0	0.00203414916992	-2.3307800293e-06	1511962072.833632	
-19991.0	0.00203414916992	-2.3307800293e-06	1511962073.3335238	
-19880.0	0.00203414916992	-2.3307800293e-06	1511962073.8336046	
-19880.0	0.00203414916992	-2.3307800293e-06	1511962074.3335745	
-19769.0	0.00203414916992	-2.3307800293e-06	1511962074.833613	
-19769.0	0.00203414916992	-2.3307800293e-06	1511962075.3335285	
-19658.0	0.00203414916992	-2.3307800293e-06	1511962075.8336134	
-19658.0	0.00203414916992	-2.3307800293e-06	1511962076.3338158	
-19547.0	0.00214202880859	-2.4284362793e-06	1511962076.8334646	
-19547.0	0.00214202880859	-2.4284362793e-06	1511962077.3334827	
-19436.0	0.00214202880859	-2.4284362793e-06	1511962077.8337183	
-19436.0	0.00214202880859	-2.4284362793e-06	1511962078.334032	
-19436.0	0.00214202880859	-2.4284362793e-06	1511962078.8335574	
-19325.0	0.00214202880859	-2.4284362793e-06	1511962079.3335118	
-19325.0	0.00214202880859	-2.4284362793e-06	1511962079.8336337	
-19215.0	0.00214202880859	-2.4284362793e-06	1511962080.3335404	
-19215.0	0.00214202880859	-2.4284362793e-06	1511962080.8336442	
-19104.0	0.00214202880859	-2.4284362793e-06	1511962081.333621	
-19104.0	0.00214202880859	-2.4284362793e-06	1511962081.8336306	
-18993.0	0.00214202880859	-2.4284362793e-06	1511962082.333515	
-18993.0	0.00214202880859	-2.4284362793e-06	1511962082.8335412	
-18882.0	0.00205062866211	-2.32009887695e-06	1511962083.3335283	
-18882.0	0.00205062866211	-2.32009887695e-06	1511962083.8335385	
-18882.0	0.00205062866211	-2.32009887695e-06	1511962084.3335254	
-18771.0	0.00205062866211	-2.32009887695e-06	1511962084.8336096	
-18771.0	0.00205062866211	-2.32009887695e-06	1511962085.333527	
-18660.0	0.00205062866211	-2.32009887695e-06	1511962085.8336558	
-18660.0	0.00205062866211	-2.32009887695e-06	1511962086.333612	
-18550.0	0.00205062866211	-2.32009887695e-06	1511962086.8334742	
-18550.0	0.00205062866211	-2.32009887695e-06	1511962087.3339627	
-18439.0	0.00205062866211	-2.32009887695e-06	1511962087.8335762	
-18439.0	0.00205062866211	-2.32009887695e-06	1511962088.3339949	
-18328.0	0.00205062866211	-2.32009887695e-06	1511962088.8335156	
-18328.0	0.00205062866211	-2.32009887695e-06	1511962089.3336728	
-18328.0	0.00201416015625	-3.78799438477e-06	1511962089.8334951	
-18217.0	0.00201416015625	-3.78799438477e-06	1511962090.3335247	

#$Filter:none
#$	0	1	 1
#$	1	op06	0.251188643150958
#$	2	op09*op09	0.015848931924611138
#$	3	op18*op18*op18	3.9810717055349725e-06
#$	4	ns12	1e-7
#$	5	0	 1e-22
#$POWER:19.8, mW
#$WAVELENGTH:1064,nm
#$OBJECT:PVDF40, bscat
position	ref	signal	Time
-18079.0	0.00194061279297	-6.787109375e-06	1511962124.1436079	
-18079.0	0.00194061279297	-6.787109375e-06	1511962124.6436064	
-18024.0	0.00194061279297	-6.787109375e-06	1511962125.143654	
-18024.0	0.00194061279297	-6.787109375e-06	1511962125.643828	
-18024.0	0.00194061279297	-6.787109375e-06	1511962126.1440487	
-17914.0	0.00194061279297	-6.787109375e-06	1511962126.6436114	
-17914.0	0.00194061279297	-6.787109375e-06	1511962127.1436038	
-17803.0	0.00194061279297	-6.787109375e-06	1511962127.6436398	
-17803.0	0.00194061279297	-6.787109375e-06	1511962128.1439183	
-17692.0	0.00194061279297	-6.787109375e-06	1511962128.6435986	
-17692.0	0.00194061279297	-6.787109375e-06	1511962129.1439483	
-17581.0	0.00194061279297	-6.787109375e-06	1511962129.6435947	
-17581.0	0.00197357177734	-6.71081542969e-06	1511962130.143552	
-17470.0	0.00197357177734	-6.71081542969e-06	1511962130.643593	
-17470.0	0.00197357177734	-6.71081542969e-06	1511962131.1438465	
-17470.0	0.00197357177734	-6.71081542969e-06	1511962131.6438985	
-17359.0	0.00197357177734	-6.71081542969e-06	1511962132.143917	
-17359.0	0.00197357177734	-6.71081542969e-06	1511962132.643617	
-17249.0	0.00197357177734	-6.71081542969e-06	1511962133.1439614	
-17249.0	0.00197357177734	-6.71081542969e-06	1511962133.6435938	
-17027.0	0.00197357177734	-6.71081542969e-06	1511962134.1437962	
-17027.0	0.00197357177734	-6.71081542969e-06	1511962134.6436145	
-16916.0	0.00197357177734	-6.71081542969e-06	1511962135.1437452	
-16916.0	0.00197357177734	-6.71081542969e-06	1511962135.643609	
-16805.0	0.00197357177734	-6.71081542969e-06	1511962136.1437051	
-16805.0	0.00201248168945	-6.43920898437e-06	1511962136.6435993	
-16805.0	0.00201248168945	-6.43920898437e-06	1511962137.1439188	
-16694.0	0.00201248168945	-6.43920898437e-06	1511962137.6436055	
-16694.0	0.00201248168945	-6.43920898437e-06	1511962138.1438785	
-16583.0	0.00201248168945	-6.43920898437e-06	1511962138.6437416	
-16583.0	0.00201248168945	-6.43920898437e-06	1511962139.1439118	
-16472.0	0.00201248168945	-6.43920898437e-06	1511962139.643598	
-16472.0	0.00201248168945	-6.43920898437e-06	1511962140.1435983	
-16362.0	0.00201248168945	-6.43920898437e-06	1511962140.643792	
-16362.0	0.00201248168945	-6.43920898437e-06	1511962141.1438775	
-16251.0	0.00201248168945	-6.43920898437e-06	1511962141.643717	
-16251.0	0.00201248168945	-6.43920898437e-06	1511962142.1439357	
-16251.0	0.00201248168945	-6.43920898437e-06	1511962142.643605	
-16140.0	0.0019758605957	-7.16552734375e-06	1511962143.1435955	
-16140.0	0.0019758605957	-7.16552734375e-06	1511962143.643983	
-16029.0	0.0019758605957	-7.16552734375e-06	1511962144.1436563	
-16029.0	0.0019758605957	-7.16552734375e-06	1511962144.6436133	
-15918.0	0.0019758605957	-7.16552734375e-06	1511962145.1437938	
-15918.0	0.0019758605957	-7.16552734375e-06	1511962145.6436121	
-15807.0	0.0019758605957	-7.16552734375e-06	1511962146.1437762	
-15807.0	0.0019758605957	-7.16552734375e-06	1511962146.6437123	
-15696.0	0.0019758605957	-7.16552734375e-06	1511962147.1436975	
-15696.0	0.0019758605957	-7.16552734375e-06	1511962147.6436324	
-15696.0	0.0019758605957	-7.16552734375e-06	1511962148.1439202	
-15586.0	0.0019758605957	-7.16552734375e-06	1511962148.6436498	
-15586.0	0.0019758605957	-7.16552734375e-06	1511962149.143873	
-15475.0	0.00202972412109	-7.66906738281e-06	1511962149.6435962	
-15475.0	0.00202972412109	-7.66906738281e-06	1511962150.1439157	
-15364.0	0.00202972412109	-7.66906738281e-06	1511962150.643859	
-15364.0	0.00202972412109	-7.66906738281e-06	1511962151.1438518	
-15253.0	0.00202972412109	-7.66906738281e-06	1511962151.643757	
-15253.0	0.00202972412109	-7.66906738281e-06	1511962152.1439352	
-15142.0	0.00202972412109	-7.66906738281e-06	1511962152.6436067	
-15142.0	0.00202972412109	-7.66906738281e-06	1511962153.1435797	
-15142.0	0.00202972412109	-7.66906738281e-06	1511962153.6436126	

#$Filter:none
#$	0	1	 1
#$	1	op06	0.251188643150958
#$	2	op09*op09	0.015848931924611138
#$	3	op18*op18*op18	3.9810717055349725e-06
#$	4	ns12	1e-7
#$	5	0	 1e-22
#$POWER:19.8, mW
#$WAVELENGTH:1064,nm
#$OBJECT:PVDF40, bscat
position	ref	signal	Time
-14945.0	0.0020280456543	-9.74273681641e-06	1511962177.346115	
-14945.0	0.0020280456543	-9.74273681641e-06	1511962177.8456516	
-14899.0	0.0020280456543	-9.74273681641e-06	1511962178.346017	
-14899.0	0.0020280456543	-9.74273681641e-06	1511962178.845675	
-14788.0	0.0020280456543	-9.74273681641e-06	1511962179.3457913	
-14788.0	0.0020280456543	-9.74273681641e-06	1511962179.8456683	
-14677.0	0.0020280456543	-9.74273681641e-06	1511962180.3458724	
-14677.0	0.0020280456543	-9.74273681641e-06	1511962180.845645	
-14567.0	0.0020280456543	-9.74273681641e-06	1511962181.3456535	
-14567.0	0.0020280456543	-9.74273681641e-06	1511962181.845631	
-14456.0	0.00195495605469	-1.39961242676e-05	1511962182.345638	
-14456.0	0.00195495605469	-1.39961242676e-05	1511962182.845655	
-14456.0	0.00195495605469	-1.39961242676e-05	1511962183.3456116	
-14345.0	0.00195495605469	-1.39961242676e-05	1511962183.8456452	
-14345.0	0.00195495605469	-1.39961242676e-05	1511962184.3456376	
-14234.0	0.00195495605469	-1.39961242676e-05	1511962184.8456388	
-14234.0	0.00195495605469	-1.39961242676e-05	1511962185.345857	
-14123.0	0.00195495605469	-1.39961242676e-05	1511962185.8457146	
-14123.0	0.00195495605469	-1.39961242676e-05	1511962186.346221	
-14012.0	0.00195495605469	-1.39961242676e-05	1511962186.8456638	
-14012.0	0.00195495605469	-1.39961242676e-05	1511962187.3456466	
-13902.0	0.00195495605469	-1.39961242676e-05	1511962187.8457217	
-13902.0	0.00195495605469	-1.39961242676e-05	1511962188.3457577	
-13902.0	0.00206207275391	-1.4476776123e-05	1511962188.8457248	
-13791.0	0.00206207275391	-1.4476776123e-05	1511962189.346083	
-13791.0	0.00206207275391	-1.4476776123e-05	1511962189.8456972	
-13680.0	0.00206207275391	-1.4476776123e-05	1511962190.345664	
-13680.0	0.00206207275391	-1.4476776123e-05	1511962190.8456447	
-13569.0	0.00206207275391	-1.4476776123e-05	1511962191.3456469	
-13569.0	0.00206207275391	-1.4476776123e-05	1511962191.8456376	
-13458.0	0.00206207275391	-1.4476776123e-05	1511962192.345683	
-13458.0	0.00206207275391	-1.4476776123e-05	1511962192.845648	
-13347.0	0.00206207275391	-1.4476776123e-05	1511962193.3456542	
-13347.0	0.00206207275391	-1.4476776123e-05	1511962193.845639	
-13347.0	0.00206207275391	-1.4476776123e-05	1511962194.3456373	
-13236.0	0.00206207275391	-1.4476776123e-05	1511962194.8456278	
-13236.0	0.00202041625977	-1.2809753418e-05	1511962195.3455951	
-13125.0	0.00202041625977	-1.2809753418e-05	1511962195.8456252	
-13125.0	0.00202041625977	-1.2809753418e-05	1511962196.3456528	
-12903.0	0.00202041625977	-1.2809753418e-05	1511962196.8456302	
-12903.0	0.00202041625977	-1.2809753418e-05	1511962197.3456473	
-12793.0	0.00202041625977	-1.2809753418e-05	1511962197.8456376	
-12793.0	0.00202041625977	-1.2809753418e-05	1511962198.3456447	
-12682.0	0.00202041625977	-1.2809753418e-05	1511962198.8457243	
-12682.0	0.00202041625977	-1.2809753418e-05	1511962199.3460376	
-12682.0	0.00202041625977	-1.2809753418e-05	1511962199.8457036	
-12571.0	0.00202041625977	-1.2809753418e-05	1511962200.3456442	
-12571.0	0.00202041625977	-1.2809753418e-05	1511962200.8456473	
-12460.0	0.00202041625977	-1.2809753418e-05	1511962201.345749	
-12460.0	0.00199371337891	-1.50260925293e-05	1511962201.8455873	
-12349.0	0.00199371337891	-1.50260925293e-05	1511962202.3456438	
-12349.0	0.00199371337891	-1.50260925293e-05	1511962202.845636	
-12238.0	0.00199371337891	-1.50260925293e-05	1511962203.345887	
-12238.0	0.00199371337891	-1.50260925293e-05	1511962203.845673	
-12127.0	0.00199371337891	-1.50260925293e-05	1511962204.345799	
-12127.0	0.00199371337891	-1.50260925293e-05	1511962204.8456533	
-12127.0	0.00199371337891	-1.50260925293e-05	1511962205.3456454	
-12016.0	0.00199371337891	-1.50260925293e-05	1511962205.8456583	
-12016.0	0.00199371337891	-1.50260925293e-05	1511962206.346095	
-11905.0	0.00199371337891	-1.50260925293e-05	1511962206.8456454	
-11905.0	0.00199371337891	-1.50260925293e-05	1511962207.345938	
-11794.0	0.00199371337891	-1.50260925293e-05	1511962207.84564	
-11794.0	0.00194458007813	-2.03857421875e-05	1511962208.3456762	
-11684.0	0.00194458007813	-2.03857421875e-05	1511962208.845692	
-11684.0	0.00194458007813	-2.03857421875e-05	1511962209.345657	
-11573.0	0.00194458007813	-2.03857421875e-05	1511962209.8456817	
-11573.0	0.00194458007813	-2.03857421875e-05	1511962210.3456526	
-11573.0	0.00194458007813	-2.03857421875e-05	1511962210.8456752	
-11462.0	0.00194458007813	-2.03857421875e-05	1511962211.3456604	
-11462.0	0.00194458007813	-2.03857421875e-05	1511962211.8456392	
-11351.0	0.00194458007813	-2.03857421875e-05	1511962212.3456378	

#$Filter:none
#$	0	1	 1
#$	1	op06	0.251188643150958
#$	2	op09*op09	0.015848931924611138
#$	3	op18*op18*op18	3.9810717055349725e-06
#$	4	ns12	1e-7
#$	5	0	 1e-22
#$POWER:19.8, mW
#$WAVELENGTH:1064,nm
#$OBJECT:PVDF40, bscat
position	ref	signal	Time
-11237.0	0.00206848144531	-3.64074707031e-05	1511962236.3793833	
-11237.0	0.00206848144531	-3.64074707031e-05	1511962236.879376	
-11121.0	0.00206848144531	-3.64074707031e-05	1511962237.3793733	
-11121.0	0.00206848144531	-3.64074707031e-05	1511962237.8793802	
-11010.0	0.00206848144531	-3.64074707031e-05	1511962238.3793814	
-11010.0	0.00206848144531	-3.64074707031e-05	1511962238.87938	
-11010.0	0.00201995849609	-4.23583984375e-05	1511962239.3793352	
-10900.0	0.00201995849609	-4.23583984375e-05	1511962239.8793814	
-10900.0	0.00201995849609	-4.23583984375e-05	1511962240.379903	
-10789.0	0.00201995849609	-4.23583984375e-05	1511962240.8793848	
-10789.0	0.00201995849609	-4.23583984375e-05	1511962241.3798447	
-10678.0	0.00201995849609	-4.23583984375e-05	1511962241.8793776	
-10678.0	0.00201995849609	-4.23583984375e-05	1511962242.3794844	
-10567.0	0.00201995849609	-4.23583984375e-05	1511962242.8793766	
-10567.0	0.00201995849609	-4.23583984375e-05	1511962243.379919	
-10456.0	0.00201995849609	-4.23583984375e-05	1511962243.8793838	
-10456.0	0.00201995849609	-4.23583984375e-05	1511962244.3793848	
-10456.0	0.00201995849609	-4.23583984375e-05	1511962244.879391	
-10345.0	0.00201995849609	-4.23583984375e-05	1511962245.3793728	
-10345.0	0.00201202392578	-3.96575927734e-05	1511962245.8793845	
-10234.0	0.00201202392578	-3.96575927734e-05	1511962246.3793786	
-10234.0	0.00201202392578	-3.96575927734e-05	1511962246.8793776	
-10123.0	0.00201202392578	-3.96575927734e-05	1511962247.3797355	
-10123.0	0.00201202392578	-3.96575927734e-05	1511962247.8793814	
-10012.0	0.00201202392578	-3.96575927734e-05	1511962248.3794456	
-10012.0	0.00201202392578	-3.96575927734e-05	1511962248.879389	
-9901.0	0.00201202392578	-3.96575927734e-05	1511962249.379337	
-9901.0	0.00201202392578	-3.96575927734e-05	1511962249.879384	
-9901.0	0.00201202392578	-3.96575927734e-05	1511962250.3794332	
-9791.0	0.00201202392578	-3.96575927734e-05	1511962250.8793721	
-9791.0	0.00201202392578	-3.96575927734e-05	1511962251.3793955	
-9680.0	0.00201202392578	-3.96575927734e-05	1511962251.8793795	
-9680.0	0.00201263427734	-4.78820800781e-05	1511962252.3794215	
-9569.0	0.00201263427734	-4.78820800781e-05	1511962252.8793905	
-9569.0	0.00201263427734	-4.78820800781e-05	1511962253.3795757	
-9458.0	0.00201263427734	-4.78820800781e-05	1511962253.8796618	
-9458.0	0.00201263427734	-4.78820800781e-05	1511962254.3793974	
-9347.0	0.00201263427734	-4.78820800781e-05	1511962254.879594	
-9347.0	0.00201263427734	-4.78820800781e-05	1511962255.3799305	
-9347.0	0.00201263427734	-4.78820800781e-05	1511962255.879378	
-9236.0	0.00201263427734	-4.78820800781e-05	1511962256.379381	
-9236.0	0.00201263427734	-4.78820800781e-05	1511962256.8793685	
-9125.0	0.00201263427734	-4.78820800781e-05	1511962257.3794186	
-9125.0	0.00201263427734	-4.78820800781e-05	1511962257.879405	
-9014.0	0.00201263427734	-4.78820800781e-05	1511962258.3793938	
-9014.0	0.00208114624023	-5.53894042969e-05	1511962258.8793876	
-8903.0	0.00208114624023	-5.53894042969e-05	1511962259.379372	
-8903.0	0.00208114624023	-5.53894042969e-05	1511962259.8793888	
-8792.0	0.00208114624023	-5.53894042969e-05	1511962260.3793752	
-8792.0	0.00208114624023	-5.53894042969e-05	1511962260.8793862	
-8792.0	0.00208114624023	-5.53894042969e-05	1511962261.3793833	
-8682.0	0.00208114624023	-5.53894042969e-05	1511962261.8793852	
-8682.0	0.00208114624023	-5.53894042969e-05	1511962262.379678	
-8571.0	0.00208114624023	-5.53894042969e-05	1511962262.8793852	
-8571.0	0.00208114624023	-5.53894042969e-05	1511962263.3798707	
-8460.0	0.00208114624023	-5.53894042969e-05	1511962263.8793845	
-8460.0	0.00208114624023	-5.53894042969e-05	1511962264.379432	
-8238.0	0.00208114624023	-5.53894042969e-05	1511962264.8796945	
-8238.0	0.00206985473633	-6.82830810547e-05	1511962265.379383	
-8127.0	0.00206985473633	-6.82830810547e-05	1511962265.8793976	
-8127.0	0.00206985473633	-6.82830810547e-05	1511962266.379728	
-8127.0	0.00206985473633	-6.82830810547e-05	1511962266.8794029	
-8016.0	0.00206985473633	-6.82830810547e-05	1511962267.3793824	
-8016.0	0.00206985473633	-6.82830810547e-05	1511962267.8793783	
-7905.0	0.00206985473633	-6.82830810547e-05	1511962268.379381	
-7905.0	0.00206985473633	-6.82830810547e-05	1511962268.8793924	
-7795.0	0.00206985473633	-6.82830810547e-05	1511962269.3793864	
-7795.0	0.00206985473633	-6.82830810547e-05	1511962269.879385	
-7684.0	0.00206985473633	-6.82830810547e-05	1511962270.379378	
-7684.0	0.00206985473633	-6.82830810547e-05	1511962270.8793771	
-7573.0	0.00206985473633	-6.82830810547e-05	1511962271.379387	
-7573.0	0.00209594726563	-6.50939941406e-05	1511962271.8793707	
-7573.0	0.00209594726563	-6.50939941406e-05	1511962272.37992	
-7462.0	0.00209594726563	-6.50939941406e-05	1511962272.8793783	
-7462.0	0.00209594726563	-6.50939941406e-05	1511962273.3798018	
-7351.0	0.00209594726563	-6.50939941406e-05	1511962273.879382	
-7351.0	0.00209594726563	-6.50939941406e-05	1511962274.37991	
-7240.0	0.00209594726563	-6.50939941406e-05	1511962274.879374	
-7240.0	0.00209594726563	-6.50939941406e-05	1511962275.37937	
-7129.0	0.00209594726563	-6.50939941406e-05	1511962275.8793833	
-7129.0	0.00209594726563	-6.50939941406e-05	1511962276.37967	
-7019.0	0.00209594726563	-6.50939941406e-05	1511962276.879591	
-7019.0	0.00209594726563	-6.50939941406e-05	1511962277.379583	
-7019.0	0.00209594726563	-6.50939941406e-05	1511962277.879392	
-6908.0	0.00206344604492	-8.87908935547e-05	1511962278.379394	
-6908.0	0.00206344604492	-8.87908935547e-05	1511962278.8793876	
-6797.0	0.00206344604492	-8.87908935547e-05	1511962279.3795323	
-6797.0	0.00206344604492	-8.87908935547e-05	1511962279.8793921	
-6686.0	0.00206344604492	-8.87908935547e-05	1511962280.3797834	
-6686.0	0.00206344604492	-8.87908935547e-05	1511962280.8793893	
-6575.0	0.00206344604492	-8.87908935547e-05	1511962281.3796806	
-6575.0	0.00206344604492	-8.87908935547e-05	1511962281.8793833	
-6464.0	0.00206344604492	-8.87908935547e-05	1511962282.379577	
-6464.0	0.00206344604492	-8.87908935547e-05	1511962282.8793938	
-6464.0	0.00206344604492	-8.87908935547e-05	1511962283.3794987	

#$Filter:none
#$	0	1	 1
#$	1	op06	0.251188643150958
#$	2	op09*op09	0.015848931924611138
#$	3	op18*op18*op18	3.9810717055349725e-06
#$	4	ns12	1e-7
#$	5	0	 1e-22
#$POWER:19.8, mW
#$WAVELENGTH:1064,nm
#$OBJECT:PVDF40, bscat
position	ref	signal	Time
-6241.0	0.00194610595703	-9.20715332031e-05	1511962298.6209927	
-6189.0	0.00194610595703	-9.20715332031e-05	1511962299.1208346	
-6189.0	0.00194610595703	-9.20715332031e-05	1511962299.620674	
-6078.0	0.00194610595703	-9.20715332031e-05	1511962300.1206777	
-6078.0	0.00194610595703	-9.20715332031e-05	1511962300.6206663	
-5968.0	0.00194610595703	-9.20715332031e-05	1511962301.1206656	
-5968.0	0.00194610595703	-9.20715332031e-05	1511962301.6206646	
-5968.0	0.00194610595703	-9.20715332031e-05	1511962302.120863	
-5857.0	0.00194610595703	-9.20715332031e-05	1511962302.6206627	
-5857.0	0.00194610595703	-9.20715332031e-05	1511962303.120867	
-5746.0	0.00194610595703	-9.20715332031e-05	1511962303.6209052	
-5746.0	0.00194610595703	-9.20715332031e-05	1511962304.120897	
-5635.0	0.00192626953125	-8.7890625e-05	1511962304.6210327	
-5635.0	0.00192626953125	-8.7890625e-05	1511962305.12086	
-5524.0	0.00192626953125	-8.7890625e-05	1511962305.6207395	
-5524.0	0.00192626953125	-8.7890625e-05	1511962306.1208613	
-5413.0	0.00192626953125	-8.7890625e-05	1511962306.6206641	
-5413.0	0.00192626953125	-8.7890625e-05	1511962307.1209702	
-5413.0	0.00192626953125	-8.7890625e-05	1511962307.6209505	
-5302.0	0.00192626953125	-8.7890625e-05	1511962308.1207054	
-5302.0	0.00192626953125	-8.7890625e-05	1511962308.6207018	
-5191.0	0.00192626953125	-8.7890625e-05	1511962309.1206565	
-5191.0	0.00192626953125	-8.7890625e-05	1511962309.6206722	
-5080.0	0.00192626953125	-8.7890625e-05	1511962310.1207788	
-5080.0	0.00192626953125	-8.7890625e-05	1511962310.620737	
-4970.0	0.00194366455078	-0.00012060546875	1511962311.1207955	
-4970.0	0.00194366455078	-0.00012060546875	1511962311.6206524	
-4859.0	0.00194366455078	-0.00012060546875	1511962312.1206758	
-4859.0	0.00194366455078	-0.00012060546875	1511962312.6207497	
-4859.0	0.00194366455078	-0.00012060546875	1511962313.1208568	
-4748.0	0.00194366455078	-0.00012060546875	1511962313.621193	
-4748.0	0.00194366455078	-0.00012060546875	1511962314.120968	
-4637.0	0.00194366455078	-0.00012060546875	1511962314.6211104	
-4637.0	0.00194366455078	-0.00012060546875	1511962315.1208727	
-4526.0	0.00194366455078	-0.00012060546875	1511962315.6209435	
-4526.0	0.00194366455078	-0.00012060546875	1511962316.120918	
-4415.0	0.00194366455078	-0.00012060546875	1511962316.6207263	
-4415.0	0.00194366455078	-0.00012060546875	1511962317.1208723	
-4304.0	0.00192443847656	-0.000135818481445	1511962317.6206715	
-4304.0	0.00192443847656	-0.000135818481445	1511962318.1210172	
-4304.0	0.00192443847656	-0.000135818481445	1511962318.6207776	
-4193.0	0.00192443847656	-0.000135818481445	1511962319.1209042	
-4193.0	0.00192443847656	-0.000135818481445	1511962319.6206772	
-4083.0	0.00192443847656	-0.000135818481445	1511962320.1206663	
-4083.0	0.00192443847656	-0.000135818481445	1511962320.620608	
-3972.0	0.00192443847656	-0.000135818481445	1511962321.1208594	

#$Filter:none
#$	0	1	 1
#$	1	op06	0.251188643150958
#$	2	op09*op09	0.015848931924611138
#$	3	op18*op18*op18	3.9810717055349725e-06
#$	4	ns12	1e-7
#$	5	0	 1e-22
#$POWER:19.8, mW
#$WAVELENGTH:1064,nm
#$OBJECT:PVDF40, bscat
position	ref	signal	Time
-3828.0	0.00200378417969	-0.00027515411377	1511962352.7188652	
-3828.0	0.00200378417969	-0.00027515411377	1511962353.2192116	
-3828.0	0.00200378417969	-0.00027515411377	1511962353.718831	
-3750.0	0.00200378417969	-0.00027515411377	1511962354.2189543	
-3750.0	0.00200378417969	-0.00027515411377	1511962354.7188272	
-3639.0	0.00200378417969	-0.00027515411377	1511962355.2190576	
-3639.0	0.00200378417969	-0.00027515411377	1511962355.7189012	
-3528.0	0.00200378417969	-0.00027515411377	1511962356.218922	
-3528.0	0.00200378417969	-0.00027515411377	1511962356.719244	
-3417.0	0.00200378417969	-0.00027515411377	1511962357.2189898	
-3417.0	0.00209091186523	-0.00033031463623	1511962357.718828	
-3417.0	0.00209091186523	-0.00033031463623	1511962358.218985	
-3306.0	0.00209091186523	-0.00033031463623	1511962358.7188556	
-3306.0	0.00209091186523	-0.00033031463623	1511962359.2189794	
-3195.0	0.00209091186523	-0.00033031463623	1511962359.7191792	
-3195.0	0.00209091186523	-0.00033031463623	1511962360.2190106	
-3084.0	0.00209091186523	-0.00033031463623	1511962360.7189128	
-3084.0	0.00209091186523	-0.00033031463623	1511962361.2189121	
-2973.0	0.00209091186523	-0.00033031463623	1511962361.7189858	
-2973.0	0.00209091186523	-0.00033031463623	1511962362.2190156	
-2752.0	0.00209091186523	-0.00033031463623	1511962362.7188296	
-2752.0	0.00209091186523	-0.00033031463623	1511962363.2189932	
-2752.0	0.00209091186523	-0.00033031463623	1511962363.7189565	
-2641.0	0.00204406738281	-0.000323867797852	1511962364.2187312	
-2641.0	0.00204406738281	-0.000323867797852	1511962364.7189462	
-2530.0	0.00204406738281	-0.000323867797852	1511962365.2190483	
-2530.0	0.00204406738281	-0.000323867797852	1511962365.718888	
-2419.0	0.00204406738281	-0.000323867797852	1511962366.2188497	
-2419.0	0.00204406738281	-0.000323867797852	1511962366.7188334	
-2308.0	0.00204406738281	-0.000323867797852	1511962367.2188318	
-2308.0	0.00204406738281	-0.000323867797852	1511962367.7188385	
-2197.0	0.00204406738281	-0.000323867797852	1511962368.21883	
-2197.0	0.00204406738281	-0.000323867797852	1511962368.7188392	
-2197.0	0.00204406738281	-0.000323867797852	1511962369.218948	
-2086.0	0.00204406738281	-0.000323867797852	1511962369.718818	
-2086.0	0.00204406738281	-0.000323867797852	1511962370.2188408	
-1975.0	0.00199554443359	-0.000146636962891	1511962370.7188282	
-1975.0	0.00199554443359	-0.000146636962891	1511962371.2190468	
-1865.0	0.00199554443359	-0.000146636962891	1511962371.7188191	

#$Filter:none
#$	0	1	 1
#$	1	op06	0.251188643150958
#$	2	op09*op09	0.015848931924611138
#$	3	op18*op18*op18	3.9810717055349725e-06
#$	4	ns12	1e-7
#$	5	0	 1e-22
#$POWER:19.8, mW
#$WAVELENGTH:1064,nm
#$OBJECT:PVDF40, bscat
position	ref	signal	Time
-1793.0	0.00188583374023	-1.32141113281e-05	1511962422.2764559	
-948.0	0.00188583374023	-1.32141113281e-05	1511962430.110408	
-288.0	0.00188583374023	-1.32141113281e-05	1511962436.716042	
-288.0	0.00188583374023	-1.32141113281e-05	1511962442.7995048	

#$Filter:none
#$	0	1	 1
#$	1	op06	0.251188643150958
#$	2	op09*op09	0.015848931924611138
#$	3	op18*op18*op18	3.9810717055349725e-06
#$	4	ns12	1e-7
#$	5	0	 1e-22
#$POWER:19.8, mW
#$WAVELENGTH:1064,nm
#$OBJECT:PVDF40, bscat
position	ref	signal	Time
638.0	0.00188583374023	-1.32141113281e-05	1511962447.1755335	

#$Filter:none
#$	0	1	 1
#$	1	op06	0.251188643150958
#$	2	op09*op09	0.015848931924611138
#$	3	op18*op18*op18	3.9810717055349725e-06
#$	4	ns12	1e-7
#$	5	0	 1e-22
#$POWER:19.8, mW
#$WAVELENGTH:1064,nm
#$OBJECT:PVDF40, bscat
position	ref	signal	Time
1531.0	0.00193695068359	-7.04956054688e-06	1511962489.5919888	
1531.0	0.00193695068359	-7.04956054688e-06	1511962490.092016	
1581.0	0.00201126098633	-5.35583496094e-06	1511962490.5919945	
1581.0	0.00201126098633	-5.35583496094e-06	1511962491.0920084	
1692.0	0.00201126098633	-5.35583496094e-06	1511962491.5921686	
1692.0	0.00201126098633	-5.35583496094e-06	1511962492.092067	
1803.0	0.00201126098633	-5.35583496094e-06	1511962492.5920005	
1803.0	0.00201126098633	-5.35583496094e-06	1511962493.0924819	
1914.0	0.00201126098633	-5.35583496094e-06	1511962493.5920012	
1914.0	0.00201126098633	-5.35583496094e-06	1511962494.0919988	
1914.0	0.00201126098633	-5.35583496094e-06	1511962494.592001	
2025.0	0.00201126098633	-5.35583496094e-06	1511962495.0919986	
2025.0	0.00201126098633	-5.35583496094e-06	1511962495.5920048	
2136.0	0.00201126098633	-5.35583496094e-06	1511962496.0919685	
2136.0	0.00201126098633	-5.35583496094e-06	1511962496.591999	
2246.0	0.00204544067383	-6.18743896484e-06	1511962497.0919702	
2246.0	0.00204544067383	-6.18743896484e-06	1511962497.5920074	
2357.0	0.00204544067383	-6.18743896484e-06	1511962498.0920095	
2357.0	0.00204544067383	-6.18743896484e-06	1511962498.592002	
2468.0	0.00204544067383	-6.18743896484e-06	1511962499.0920072	
2468.0	0.00204544067383	-6.18743896484e-06	1511962499.5919995	
2468.0	0.00204544067383	-6.18743896484e-06	1511962500.0924606	
2468.0	0.00204544067383	-6.18743896484e-06	1511962500.5919952	
2468.0	0.00204544067383	-6.18743896484e-06	1511962501.0920749	
1279.0	0.00204544067383	-6.18743896484e-06	1511962501.5919952	
1279.0	0.00204544067383	-6.18743896484e-06	1511962502.092163	
1279.0	0.00204544067383	-6.18743896484e-06	1511962502.5919838	
1279.0	0.00204544067383	-6.18743896484e-06	1511962503.0920088	
3007.0	0.00197692871094	-1.84326171875e-05	1511962503.5920029	
3007.0	0.00197692871094	-1.84326171875e-05	1511962504.0924494	
3117.0	0.00197692871094	-1.84326171875e-05	1511962504.5919971	
3117.0	0.00197692871094	-1.84326171875e-05	1511962505.0921526	
3117.0	0.00197692871094	-1.84326171875e-05	1511962505.5920115	
3228.0	0.00197692871094	-1.84326171875e-05	1511962506.0925074	
3228.0	0.00197692871094	-1.84326171875e-05	1511962506.592022	
3339.0	0.00197692871094	-1.84326171875e-05	1511962507.0920074	
3339.0	0.00197692871094	-1.84326171875e-05	1511962507.5920038	
3450.0	0.00197692871094	-1.84326171875e-05	1511962508.0920072	
3450.0	0.00197692871094	-1.84326171875e-05	1511962508.592001	
3561.0	0.00197692871094	-1.84326171875e-05	1511962509.0922487	
3561.0	0.00197692871094	-1.84326171875e-05	1511962509.591996	
3672.0	0.00200332641602	-3.48587036133e-05	1511962510.0919654	
3672.0	0.00200332641602	-3.48587036133e-05	1511962510.5920238	

#$Filter:none
#$	0	1	 1
#$	1	op06	0.251188643150958
#$	2	op09*op09	0.015848931924611138
#$	3	op18*op18*op18	3.9810717055349725e-06
#$	4	ns12	1e-7
#$	5	0	 1e-22
#$POWER:19.8, mW
#$WAVELENGTH:1064,nm
#$OBJECT:PVDF40, bscat
position	ref	signal	Time
3779.0	0.00194213867188	-4.21600341797e-05	1511962530.9956577	
3779.0	0.00194213867188	-4.21600341797e-05	1511962531.495585	
3779.0	0.00194213867188	-4.21600341797e-05	1511962531.9957867	
3928.0	0.00199157714844	-6.5673828125e-05	1511962532.4955857	
3928.0	0.00199157714844	-6.5673828125e-05	1511962532.9960704	
4039.0	0.00199157714844	-6.5673828125e-05	1511962533.4956205	
4039.0	0.00199157714844	-6.5673828125e-05	1511962533.9956996	
4150.0	0.00199157714844	-6.5673828125e-05	1511962534.4955816	
4150.0	0.00199157714844	-6.5673828125e-05	1511962534.9955893	
4261.0	0.00199157714844	-6.5673828125e-05	1511962535.495578	
4261.0	0.00199157714844	-6.5673828125e-05	1511962535.9955857	
4371.0	0.00199157714844	-6.5673828125e-05	1511962536.4955559	
4371.0	0.00199157714844	-6.5673828125e-05	1511962536.9960442	
4371.0	0.00199157714844	-6.5673828125e-05	1511962537.495595	
4482.0	0.00199157714844	-6.5673828125e-05	1511962537.996136	
4482.0	0.00199157714844	-6.5673828125e-05	1511962538.4956388	
4593.0	0.00195526123047	-8.96453857422e-05	1511962538.995634	
4593.0	0.00195526123047	-8.96453857422e-05	1511962539.495604	
4704.0	0.00195526123047	-8.96453857422e-05	1511962539.995702	
4704.0	0.00195526123047	-8.96453857422e-05	1511962540.4955933	
4815.0	0.00195526123047	-8.96453857422e-05	1511962540.99579	
4815.0	0.00195526123047	-8.96453857422e-05	1511962541.4955955	
4926.0	0.00195526123047	-8.96453857422e-05	1511962541.9958193	
4926.0	0.00195526123047	-8.96453857422e-05	1511962542.495589	
4926.0	0.00195526123047	-8.96453857422e-05	1511962542.9955966	
5037.0	0.00195526123047	-8.96453857422e-05	1511962543.4955814	
5037.0	0.00195526123047	-8.96453857422e-05	1511962543.9955814	
5148.0	0.00195526123047	-8.96453857422e-05	1511962544.4955862	
5148.0	0.00195526123047	-8.96453857422e-05	1511962544.9956012	
5259.0	0.00194915771484	-7.69195556641e-05	1511962545.495576	
5259.0	0.00194915771484	-7.69195556641e-05	1511962545.995758	
5369.0	0.00194915771484	-7.69195556641e-05	1511962546.495576	
5369.0	0.00194915771484	-7.69195556641e-05	1511962546.9956088	
5480.0	0.00194915771484	-7.69195556641e-05	1511962547.4955807	
5480.0	0.00194915771484	-7.69195556641e-05	1511962547.995542	
5480.0	0.00194915771484	-7.69195556641e-05	1511962548.4955769	
5591.0	0.00194915771484	-7.69195556641e-05	1511962548.9955857	
5591.0	0.00194915771484	-7.69195556641e-05	1511962549.4955926	
5702.0	0.00194915771484	-7.69195556641e-05	1511962549.9958203	
5702.0	0.00194915771484	-7.69195556641e-05	1511962550.4955847	
5813.0	0.00194915771484	-7.69195556641e-05	1511962550.9958076	
5813.0	0.00194915771484	-7.69195556641e-05	1511962551.4955983	
5924.0	0.00196441650391	-9.80682373047e-05	1511962551.9956002	
5924.0	0.00196441650391	-9.80682373047e-05	1511962552.4956493	
6035.0	0.00196441650391	-9.80682373047e-05	1511962552.995611	
6035.0	0.00196441650391	-9.80682373047e-05	1511962553.4955888	
6035.0	0.00196441650391	-9.80682373047e-05	1511962553.9959047	
6146.0	0.00196441650391	-9.80682373047e-05	1511962554.4955835	
6146.0	0.00196441650391	-9.80682373047e-05	1511962554.995598	
6257.0	0.00196441650391	-9.80682373047e-05	1511962555.4955823	
6257.0	0.00196441650391	-9.80682373047e-05	1511962555.9956048	
6368.0	0.00196441650391	-9.80682373047e-05	1511962556.495577	
6368.0	0.00196441650391	-9.80682373047e-05	1511962556.9956076	
6478.0	0.00196441650391	-9.80682373047e-05	1511962557.4955647	
6478.0	0.00196441650391	-9.80682373047e-05	1511962557.9960628	
6589.0	0.00204315185547	-9.02709960938e-05	1511962558.4955902	
6589.0	0.00204315185547	-9.02709960938e-05	1511962558.9955983	
6589.0	0.00204315185547	-9.02709960938e-05	1511962559.4955866	
6700.0	0.00204315185547	-9.02709960938e-05	1511962559.995594	
6700.0	0.00204315185547	-9.02709960938e-05	1511962560.4955924	
6811.0	0.00204315185547	-9.02709960938e-05	1511962560.9956353	
6811.0	0.00204315185547	-9.02709960938e-05	1511962561.4955919	
6811.0	0.00204315185547	-9.02709960938e-05	1511962561.9957242	
6811.0	0.00204315185547	-9.02709960938e-05	1511962562.4955845	
7138.0	0.00204315185547	-9.02709960938e-05	1511962562.9955904	
7138.0	0.00204315185547	-9.02709960938e-05	1511962563.4955852	
7249.0	0.00204315185547	-9.02709960938e-05	1511962563.9956675	
7249.0	0.00204315185547	-9.02709960938e-05	1511962564.4955862	
7249.0	0.00201995849609	-8.60290527344e-05	1511962564.995593	
7360.0	0.00201995849609	-8.60290527344e-05	1511962565.4955819	
7360.0	0.00201995849609	-8.60290527344e-05	1511962565.9956038	
7471.0	0.00201995849609	-8.60290527344e-05	1511962566.4955833	
7471.0	0.00201995849609	-8.60290527344e-05	1511962566.9962108	
7582.0	0.00201995849609	-8.60290527344e-05	1511962567.4955857	
7582.0	0.00201995849609	-8.60290527344e-05	1511962567.995597	
7693.0	0.00201995849609	-8.60290527344e-05	1511962568.4955742	
7693.0	0.00201995849609	-8.60290527344e-05	1511962568.9956005	
7804.0	0.00201995849609	-8.60290527344e-05	1511962569.49561	
7804.0	0.00201995849609	-8.60290527344e-05	1511962569.9956012	
7804.0	0.00201995849609	-8.60290527344e-05	1511962570.4955962	
7914.0	0.00201995849609	-8.60290527344e-05	1511962570.9955904	
7914.0	0.00204498291016	-6.73675537109e-05	1511962571.4955797	
8025.0	0.00204498291016	-6.73675537109e-05	1511962571.9957619	
8025.0	0.00204498291016	-6.73675537109e-05	1511962572.49559	
8136.0	0.00204498291016	-6.73675537109e-05	1511962572.9956818	
8136.0	0.00204498291016	-6.73675537109e-05	1511962573.4955955	
8247.0	0.00204498291016	-6.73675537109e-05	1511962573.9955945	
8247.0	0.00204498291016	-6.73675537109e-05	1511962574.4955966	
8358.0	0.00204498291016	-6.73675537109e-05	1511962574.9955554	
8358.0	0.00204498291016	-6.73675537109e-05	1511962575.4955828	
8358.0	0.00204498291016	-6.73675537109e-05	1511962575.9955962	
8469.0	0.00204498291016	-6.73675537109e-05	1511962576.4957001	
8469.0	0.00204498291016	-6.73675537109e-05	1511962576.9956913	
8580.0	0.00204498291016	-6.73675537109e-05	1511962577.4955752	
8580.0	0.00201797485352	-7.43103027344e-05	1511962577.9955354	
8691.0	0.00201797485352	-7.43103027344e-05	1511962578.495582	
8691.0	0.00201797485352	-7.43103027344e-05	1511962578.9956822	
8802.0	0.00201797485352	-7.43103027344e-05	1511962579.4955938	
8802.0	0.00201797485352	-7.43103027344e-05	1511962579.995949	
8912.0	0.00201797485352	-7.43103027344e-05	1511962580.4955895	
8912.0	0.00201797485352	-7.43103027344e-05	1511962580.9955974	
8912.0	0.00201797485352	-7.43103027344e-05	1511962581.49558	
9023.0	0.00201797485352	-7.43103027344e-05	1511962581.9960587	
9023.0	0.00201797485352	-7.43103027344e-05	1511962582.4955847	
9134.0	0.00201797485352	-7.43103027344e-05	1511962582.9958227	
9134.0	0.00201797485352	-7.43103027344e-05	1511962583.4955792	
9245.0	0.00201797485352	-7.43103027344e-05	1511962583.99559	
9245.0	0.00201049804687	-6.54449462891e-05	1511962584.4955835	
9356.0	0.00201049804687	-6.54449462891e-05	1511962584.9955828	
9356.0	0.00201049804687	-6.54449462891e-05	1511962585.4956748	
9467.0	0.00201049804687	-6.54449462891e-05	1511962585.9955802	
9467.0	0.00201049804687	-6.54449462891e-05	1511962586.4955955	
9467.0	0.00201049804687	-6.54449462891e-05	1511962586.9960413	
9578.0	0.00201049804687	-6.54449462891e-05	1511962587.4955847	
9578.0	0.00201049804687	-6.54449462891e-05	1511962587.9955785	
9689.0	0.00201049804687	-6.54449462891e-05	1511962588.4955807	
9689.0	0.00201049804687	-6.54449462891e-05	1511962588.9955537	
9794.0	0.00201049804687	-6.54449462891e-05	1511962589.4955761	
9794.0	0.00201049804687	-6.54449462891e-05	1511962589.9956977	
9905.0	0.00201049804687	-6.54449462891e-05	1511962590.4955835	
9905.0	0.00206359863281	-4.931640625e-05	1511962590.995538	
10127.0	0.00206359863281	-4.931640625e-05	1511962591.4955802	
10127.0	0.00206359863281	-4.931640625e-05	1511962591.9961267	
10127.0	0.00206359863281	-4.931640625e-05	1511962592.4955819	
10238.0	0.00206359863281	-4.931640625e-05	1511962592.9958692	
10238.0	0.00206359863281	-4.931640625e-05	1511962593.4955823	
10349.0	0.00206359863281	-4.931640625e-05	1511962593.995807	
10349.0	0.00206359863281	-4.931640625e-05	1511962594.4955769	
10460.0	0.00206359863281	-4.931640625e-05	1511962594.9955873	
10460.0	0.00206359863281	-4.931640625e-05	1511962595.49559	

#$Filter:none
#$	0	1	 1
#$	1	op06	0.251188643150958
#$	2	op09*op09	0.015848931924611138
#$	3	op18*op18*op18	3.9810717055349725e-06
#$	4	ns12	1e-7
#$	5	0	 1e-22
#$POWER:19.8, mW
#$WAVELENGTH:1064,nm
#$OBJECT:PVDF40, bscat
position	ref	signal	Time
10594.0	0.00203277587891	-2.90985107422e-05	1511962620.0498455	
10594.0	0.00203277587891	-2.90985107422e-05	1511962620.5498347	
10594.0	0.00203277587891	-2.90985107422e-05	1511962621.0498517	
10680.0	0.00203277587891	-2.90985107422e-05	1511962621.5498302	
10680.0	0.00203277587891	-2.90985107422e-05	1511962622.049848	
10791.0	0.00203277587891	-2.90985107422e-05	1511962622.550209	
10791.0	0.00203277587891	-2.90985107422e-05	1511962623.0499842	
10902.0	0.00203277587891	-2.90985107422e-05	1511962623.5498402	
10902.0	0.00205062866211	-2.89459228516e-05	1511962624.0498445	
10902.0	0.00205062866211	-2.89459228516e-05	1511962624.5498226	
11013.0	0.00205062866211	-2.89459228516e-05	1511962625.0498447	
11013.0	0.00205062866211	-2.89459228516e-05	1511962625.54984	
11124.0	0.00205062866211	-2.89459228516e-05	1511962626.0503788	
11124.0	0.00205062866211	-2.89459228516e-05	1511962626.549836	
11235.0	0.00205062866211	-2.89459228516e-05	1511962627.05031	
11235.0	0.00205062866211	-2.89459228516e-05	1511962627.549831	
11346.0	0.00205062866211	-2.89459228516e-05	1511962628.0498428	
11346.0	0.00205062866211	-2.89459228516e-05	1511962628.5498333	
11457.0	0.00205062866211	-2.89459228516e-05	1511962629.0498	
11457.0	0.00205062866211	-2.89459228516e-05	1511962629.5498338	
11457.0	0.00205062866211	-2.89459228516e-05	1511962630.0498486	
11678.0	0.00200881958008	-2.3078918457e-05	1511962630.549832	
11678.0	0.00200881958008	-2.3078918457e-05	1511962631.0498421	
11789.0	0.00200881958008	-2.3078918457e-05	1511962631.549826	
11789.0	0.00200881958008	-2.3078918457e-05	1511962632.0498464	
11900.0	0.00200881958008	-2.3078918457e-05	1511962632.5498438	
11900.0	0.00200881958008	-2.3078918457e-05	1511962633.0499861	
12011.0	0.00200881958008	-2.3078918457e-05	1511962633.54984	
12011.0	0.00200881958008	-2.3078918457e-05	1511962634.049877	
12122.0	0.00200881958008	-2.3078918457e-05	1511962634.5500772	
12122.0	0.00200881958008	-2.3078918457e-05	1511962635.0498793	
12122.0	0.00200881958008	-2.3078918457e-05	1511962635.5498521	
12233.0	0.00200881958008	-2.3078918457e-05	1511962636.0498438	
12233.0	0.00200881958008	-2.3078918457e-05	1511962636.5498402	
12344.0	0.00206954956055	-2.3063659668e-05	1511962637.0498948	
12344.0	0.00206954956055	-2.3063659668e-05	1511962637.549845	
12454.0	0.00206954956055	-2.3063659668e-05	1511962638.0498447	
12454.0	0.00206954956055	-2.3063659668e-05	1511962638.5498393	
12565.0	0.00206954956055	-2.3063659668e-05	1511962639.049833	
12565.0	0.00206954956055	-2.3063659668e-05	1511962639.5498917	
12676.0	0.00206954956055	-2.3063659668e-05	1511962640.049844	
12676.0	0.00206954956055	-2.3063659668e-05	1511962640.5499	
12676.0	0.00206954956055	-2.3063659668e-05	1511962641.0498726	
12787.0	0.00206954956055	-2.3063659668e-05	1511962641.549914	
12787.0	0.00206954956055	-2.3063659668e-05	1511962642.0498643	
12898.0	0.00206954956055	-2.3063659668e-05	1511962642.5498393	
12898.0	0.00206954956055	-2.3063659668e-05	1511962643.0498612	
13009.0	0.00184432983398	-1.28555297852e-05	1511962643.5498393	
13009.0	0.00184432983398	-1.28555297852e-05	1511962644.049848	
13120.0	0.00184432983398	-1.28555297852e-05	1511962644.5498405	
13120.0	0.00184432983398	-1.28555297852e-05	1511962645.0498524	
13231.0	0.00184432983398	-1.28555297852e-05	1511962645.549842	
13231.0	0.00184432983398	-1.28555297852e-05	1511962646.0498502	
13231.0	0.00184432983398	-1.28555297852e-05	1511962646.5498397	
13341.0	0.00184432983398	-1.28555297852e-05	1511962647.0498486	
13341.0	0.00184432983398	-1.28555297852e-05	1511962647.549838	
13452.0	0.00184432983398	-1.28555297852e-05	1511962648.0498443	
13452.0	0.00184432983398	-1.28555297852e-05	1511962648.5498312	
13563.0	0.00184432983398	-1.28555297852e-05	1511962649.0498395	
13563.0	0.00184432983398	-1.28555297852e-05	1511962649.5498278	
13674.0	0.00202697753906	-1.2321472168e-05	1511962650.0497904	
13674.0	0.00202697753906	-1.2321472168e-05	1511962650.549829	
13785.0	0.00202697753906	-1.2321472168e-05	1511962651.049844	
13785.0	0.00202697753906	-1.2321472168e-05	1511962651.5498466	
13785.0	0.00202697753906	-1.2321472168e-05	1511962652.0498886	
13896.0	0.00202697753906	-1.2321472168e-05	1511962652.5498314	
13896.0	0.00202697753906	-1.2321472168e-05	1511962653.0499418	
14007.0	0.00202697753906	-1.2321472168e-05	1511962653.5497885	
14007.0	0.00202697753906	-1.2321472168e-05	1511962654.05014	
14118.0	0.00202697753906	-1.2321472168e-05	1511962654.5498345	
14118.0	0.00202697753906	-1.2321472168e-05	1511962655.0498497	
14228.0	0.00202697753906	-1.2321472168e-05	1511962655.5498312	
14228.0	0.00202697753906	-1.2321472168e-05	1511962656.049847	
14339.0	0.00190765380859	-1.41372680664e-05	1511962656.550038	
14339.0	0.00190765380859	-1.41372680664e-05	1511962657.0498464	
14339.0	0.00190765380859	-1.41372680664e-05	1511962657.5498378	
14450.0	0.00190765380859	-1.41372680664e-05	1511962658.0498393	
14450.0	0.00190765380859	-1.41372680664e-05	1511962658.549837	
14561.0	0.00190765380859	-1.41372680664e-05	1511962659.0498338	

#$Filter:none
#$	0	1	 1
#$	1	op06	0.251188643150958
#$	2	op09*op09	0.015848931924611138
#$	3	op18*op18*op18	3.9810717055349725e-06
#$	4	ns12	1e-7
#$	5	0	 1e-22
#$POWER:19.8, mW
#$WAVELENGTH:1064,nm
#$OBJECT:PVDF40, bscat
position	ref	signal	Time
14747.0	0.00200836181641	-7.30895996094e-06	1511962690.0424669	
14747.0	0.00200836181641	-7.30895996094e-06	1511962690.5423555	
14747.0	0.00200836181641	-7.30895996094e-06	1511962691.0422506	
14747.0	0.00200836181641	-7.30895996094e-06	1511962691.5426993	
14747.0	0.00200836181641	-7.30895996094e-06	1511962692.0422966	
14747.0	0.00200836181641	-7.30895996094e-06	1511962692.5425763	
14747.0	0.00200836181641	-7.30895996094e-06	1511962693.0422583	
14747.0	0.00200836181641	-7.30895996094e-06	1511962693.5423203	
14747.0	0.00200836181641	-7.30895996094e-06	1511962694.0422847	
14747.0	0.00200836181641	-7.30895996094e-06	1511962694.5423985	
14747.0	0.00200836181641	-7.30895996094e-06	1511962695.042275	
14747.0	0.00200836181641	-7.30895996094e-06	1511962695.5422852	
14747.0	0.00202560424805	-9.8762512207e-06	1511962696.0422566	
14747.0	0.00202560424805	-9.8762512207e-06	1511962696.5422714	
14747.0	0.00202560424805	-9.8762512207e-06	1511962697.0422833	
14747.0	0.00202560424805	-9.8762512207e-06	1511962697.542284	
14747.0	0.00202560424805	-9.8762512207e-06	1511962698.0422988	
14747.0	0.00202560424805	-9.8762512207e-06	1511962698.5422783	
14747.0	0.00202560424805	-9.8762512207e-06	1511962699.042292	
14747.0	0.00202560424805	-9.8762512207e-06	1511962699.5425029	
14747.0	0.00202560424805	-9.8762512207e-06	1511962700.042293	
14747.0	0.00202560424805	-9.8762512207e-06	1511962700.542268	
14747.0	0.00202560424805	-9.8762512207e-06	1511962701.0422988	
14747.0	0.00202560424805	-9.8762512207e-06	1511962701.5422845	
14747.0	0.00202560424805	-9.8762512207e-06	1511962702.0427487	
14747.0	0.00200302124023	-8.19396972656e-06	1511962702.5422986	
14747.0	0.00200302124023	-8.19396972656e-06	1511962703.0424597	
14747.0	0.00200302124023	-8.19396972656e-06	1511962703.542296	
14747.0	0.00200302124023	-8.19396972656e-06	1511962704.0422895	
14747.0	0.00200302124023	-8.19396972656e-06	1511962704.5424519	
14747.0	0.00200302124023	-8.19396972656e-06	1511962705.0422833	
14747.0	0.00200302124023	-8.19396972656e-06	1511962705.5422797	
14747.0	0.00200302124023	-8.19396972656e-06	1511962706.0422854	
14747.0	0.00200302124023	-8.19396972656e-06	1511962706.542358	
14747.0	0.00200302124023	-8.19396972656e-06	1511962707.0423977	
14747.0	0.00200302124023	-8.19396972656e-06	1511962707.5422733	
14747.0	0.00200302124023	-8.19396972656e-06	1511962708.0423033	
14747.0	0.00200302124023	-8.19396972656e-06	1511962708.5422692	
14747.0	0.00205596923828	-1.0986328125e-05	1511962709.042265	
14747.0	0.00205596923828	-1.0986328125e-05	1511962709.5422745	
14747.0	0.00205596923828	-1.0986328125e-05	1511962710.0428278	
14747.0	0.00205596923828	-1.0986328125e-05	1511962710.542333	
14747.0	0.00205596923828	-1.0986328125e-05	1511962711.042293	
14747.0	0.00205596923828	-1.0986328125e-05	1511962711.5422707	
14747.0	0.00205596923828	-1.0986328125e-05	1511962712.042281	
14747.0	0.00205596923828	-1.0986328125e-05	1511962712.5422769	
14747.0	0.00205596923828	-1.0986328125e-05	1511962713.042793	
14747.0	0.00205596923828	-1.0986328125e-05	1511962713.542272	
14747.0	0.00205596923828	-1.0986328125e-05	1511962714.0424175	
14747.0	0.00205596923828	-1.0986328125e-05	1511962714.5422804	
14747.0	0.00205596923828	-1.0986328125e-05	1511962715.0424142	
14747.0	0.00200256347656	-7.41577148438e-06	1511962715.5422843	
14747.0	0.00200256347656	-7.41577148438e-06	1511962716.0422688	
14747.0	0.00200256347656	-7.41577148438e-06	1511962716.542404	
14747.0	0.00200256347656	-7.41577148438e-06	1511962717.0422854	
14747.0	0.00200256347656	-7.41577148438e-06	1511962717.5422797	
14747.0	0.00200256347656	-7.41577148438e-06	1511962718.0422904	
14747.0	0.00200256347656	-7.41577148438e-06	1511962718.542277	
14747.0	0.00200256347656	-7.41577148438e-06	1511962719.0422764	
14747.0	0.00200256347656	-7.41577148438e-06	1511962719.54228	
14747.0	0.00200256347656	-7.41577148438e-06	1511962720.0425029	
14747.0	0.00200256347656	-7.41577148438e-06	1511962720.5422933	
14747.0	0.00200256347656	-7.41577148438e-06	1511962721.042301	
14747.0	0.00200256347656	-7.41577148438e-06	1511962721.542274	
14747.0	0.00197814941406	-8.38088989258e-06	1511962722.0423741	
14747.0	0.00197814941406	-8.38088989258e-06	1511962722.542272	
14747.0	0.00197814941406	-8.38088989258e-06	1511962723.0423024	
14747.0	0.00197814941406	-8.38088989258e-06	1511962723.5422757	
14747.0	0.00197814941406	-8.38088989258e-06	1511962724.0422833	
14747.0	0.00197814941406	-8.38088989258e-06	1511962724.5422807	

#$Filter:none
#$	0	1	 1
#$	1	op06	0.251188643150958
#$	2	op09*op09	0.015848931924611138
#$	3	op18*op18*op18	3.9810717055349725e-06
#$	4	ns12	1e-7
#$	5	0	 1e-22
#$POWER:19.8, mW
#$WAVELENGTH:1064,nm
#$OBJECT:PVDF40, bscat
position	ref	signal	Time
14747.0	0.00201782226563	-8.6669921875e-06	1511962730.7500105	
14747.0	0.00201782226563	-8.6669921875e-06	1511962731.250148	
14817.0	0.00201782226563	-8.6669921875e-06	1511962731.7499077	
14817.0	0.00201782226563	-8.6669921875e-06	1511962732.2499294	
14928.0	0.00201782226563	-8.6669921875e-06	1511962732.7499187	
14928.0	0.00201782226563	-8.6669921875e-06	1511962733.2501667	
15039.0	0.00201782226563	-8.6669921875e-06	1511962733.7502275	
15039.0	0.00201782226563	-8.6669921875e-06	1511962734.249921	
15150.0	0.00201782226563	-8.6669921875e-06	1511962734.7502337	
15150.0	0.00198043823242	-8.47625732422e-06	1511962735.250323	
15261.0	0.00198043823242	-8.47625732422e-06	1511962735.7501874	
15261.0	0.00198043823242	-8.47625732422e-06	1511962736.2499251	
15261.0	0.00198043823242	-8.47625732422e-06	1511962736.750371	
15372.0	0.00198043823242	-8.47625732422e-06	1511962737.2499192	
15372.0	0.00198043823242	-8.47625732422e-06	1511962737.750338	
15483.0	0.00198043823242	-8.47625732422e-06	1511962738.2499216	
15483.0	0.00198043823242	-8.47625732422e-06	1511962738.7499259	
15593.0	0.00198043823242	-8.47625732422e-06	1511962739.2503278	
15593.0	0.00198043823242	-8.47625732422e-06	1511962739.750357	
15704.0	0.00198043823242	-8.47625732422e-06	1511962740.2499135	
15704.0	0.00198043823242	-8.47625732422e-06	1511962740.7503767	
15815.0	0.00198043823242	-8.47625732422e-06	1511962741.2499192	
15815.0	0.00200729370117	-8.09478759766e-06	1511962741.7499237	
15815.0	0.00200729370117	-8.09478759766e-06	1511962742.2501762	
15926.0	0.00200729370117	-8.09478759766e-06	1511962742.7499564	
15926.0	0.00200729370117	-8.09478759766e-06	1511962743.250403	
16037.0	0.00200729370117	-8.09478759766e-06	1511962743.7501414	
16037.0	0.00200729370117	-8.09478759766e-06	1511962744.249931	
16148.0	0.00200729370117	-8.09478759766e-06	1511962744.750316	
16148.0	0.00200729370117	-8.09478759766e-06	1511962745.2500918	
16259.0	0.00200729370117	-8.09478759766e-06	1511962745.750155	
16259.0	0.00200729370117	-8.09478759766e-06	1511962746.249924	
16370.0	0.00200729370117	-8.09478759766e-06	1511962746.7501323	
16370.0	0.00200729370117	-8.09478759766e-06	1511962747.2499285	
16370.0	0.00200729370117	-8.09478759766e-06	1511962747.7503467	
16480.0	0.00197311401367	-6.90078735352e-06	1511962748.2502742	
16480.0	0.00197311401367	-6.90078735352e-06	1511962748.7503583	
16591.0	0.00197311401367	-6.90078735352e-06	1511962749.2499223	
16591.0	0.00197311401367	-6.90078735352e-06	1511962749.7503836	
16702.0	0.00197311401367	-6.90078735352e-06	1511962750.2503145	
16702.0	0.00197311401367	-6.90078735352e-06	1511962750.7503614	
16813.0	0.00197311401367	-6.90078735352e-06	1511962751.2499044	
16813.0	0.00197311401367	-6.90078735352e-06	1511962751.749966	
16924.0	0.00197311401367	-6.90078735352e-06	1511962752.2499602	
16924.0	0.00197311401367	-6.90078735352e-06	1511962752.7503242	
16924.0	0.00197311401367	-6.90078735352e-06	1511962753.2499263	
17035.0	0.00197311401367	-6.90078735352e-06	1511962753.7499182	
17035.0	0.00197311401367	-6.90078735352e-06	1511962754.2500234	
17146.0	0.00202301025391	-6.68716430664e-06	1511962754.7499223	
17146.0	0.00202301025391	-6.68716430664e-06	1511962755.2501972	
17257.0	0.00202301025391	-6.68716430664e-06	1511962755.7502491	
17257.0	0.00202301025391	-6.68716430664e-06	1511962756.2504096	
17478.0	0.00202301025391	-6.68716430664e-06	1511962756.749917	
17478.0	0.00202301025391	-6.68716430664e-06	1511962757.2500556	
17589.0	0.00202301025391	-6.68716430664e-06	1511962757.750133	
17589.0	0.00202301025391	-6.68716430664e-06	1511962758.2499237	
17589.0	0.00202301025391	-6.68716430664e-06	1511962758.7503238	
17700.0	0.00202301025391	-6.68716430664e-06	1511962759.24991	
17700.0	0.00202301025391	-6.68716430664e-06	1511962759.7499404	
17811.0	0.00202301025391	-6.68716430664e-06	1511962760.250381	
17811.0	0.00202301025391	-6.68716430664e-06	1511962760.750316	
17922.0	0.00205764770508	-6.17980957031e-06	1511962761.2502449	
17922.0	0.00205764770508	-6.17980957031e-06	1511962761.7503593	
18033.0	0.00205764770508	-6.17980957031e-06	1511962762.250274	
18033.0	0.00205764770508	-6.17980957031e-06	1511962762.7503333	
18144.0	0.00205764770508	-6.17980957031e-06	1511962763.24992	
18144.0	0.00205764770508	-6.17980957031e-06	1511962763.7499287	
18144.0	0.00205764770508	-6.17980957031e-06	1511962764.2499275	

#$Filter:none
#$	0	1	 1
#$	1	op06	0.251188643150958
#$	2	op09*op09	0.015848931924611138
#$	3	op18*op18*op18	3.9810717055349725e-06
#$	4	ns12	1e-7
#$	5	0	 1e-22
#$POWER:19.8, mW
#$WAVELENGTH:1064,nm
#$OBJECT:PVDF40, bscat
position	ref	signal	Time
18294.0	0.00208633422852	-4.61883544922e-06	1511962788.7357802	
18294.0	0.00208633422852	-4.61883544922e-06	1511962789.235703	
18413.0	0.00208633422852	-4.61883544922e-06	1511962789.7356997	
18413.0	0.00208633422852	-4.61883544922e-06	1511962790.2360787	
18524.0	0.00208633422852	-4.61883544922e-06	1511962790.7357006	
18524.0	0.00208633422852	-4.61883544922e-06	1511962791.2360632	
18524.0	0.00208633422852	-4.61883544922e-06	1511962791.7357047	
18634.0	0.00208633422852	-4.61883544922e-06	1511962792.2358117	
18634.0	0.00208633422852	-4.61883544922e-06	1511962792.7356994	
18745.0	0.00208633422852	-4.61883544922e-06	1511962793.23602	
18745.0	0.00208633422852	-4.61883544922e-06	1511962793.7357001	
18856.0	0.00208633422852	-4.61883544922e-06	1511962794.2356997	
18856.0	0.00208633422852	-4.61883544922e-06	1511962794.7356837	
18967.0	0.00206146240234	-4.39605712891e-06	1511962795.2356763	
18967.0	0.00206146240234	-4.39605712891e-06	1511962795.735702	
19078.0	0.00206146240234	-4.39605712891e-06	1511962796.2356977	
19078.0	0.00206146240234	-4.39605712891e-06	1511962796.735701	
19078.0	0.00206146240234	-4.39605712891e-06	1511962797.2357283	
19189.0	0.00206146240234	-4.39605712891e-06	1511962797.7356832	
19189.0	0.00206146240234	-4.39605712891e-06	1511962798.2361016	
19300.0	0.00206146240234	-4.39605712891e-06	1511962798.7356887	
19300.0	0.00206146240234	-4.39605712891e-06	1511962799.2359202	
19410.0	0.00206146240234	-4.39605712891e-06	1511962799.7356899	
19410.0	0.00206146240234	-4.39605712891e-06	1511962800.2361922	
19521.0	0.00206146240234	-4.39605712891e-06	1511962800.735697	
19521.0	0.00206146240234	-4.39605712891e-06	1511962801.2357106	
19632.0	0.00200073242188	-2.94189453125e-06	1511962801.7356915	
19632.0	0.00200073242188	-2.94189453125e-06	1511962802.235696	
19632.0	0.00200073242188	-2.94189453125e-06	1511962802.7356956	
19743.0	0.00200073242188	-2.94189453125e-06	1511962803.2358031	
19743.0	0.00200073242188	-2.94189453125e-06	1511962803.735697	
19854.0	0.00200073242188	-2.94189453125e-06	1511962804.2356923	
19854.0	0.00200073242188	-2.94189453125e-06	1511962804.735701	
19965.0	0.00200073242188	-2.94189453125e-06	1511962805.2357845	
19965.0	0.00200073242188	-2.94189453125e-06	1511962805.735699	
20076.0	0.00200073242188	-2.94189453125e-06	1511962806.2356973	
20076.0	0.00200073242188	-2.94189453125e-06	1511962806.7357028	
20187.0	0.00200073242188	-2.94189453125e-06	1511962807.235666	
20187.0	0.00200073242188	-2.94189453125e-06	1511962807.7357075	
20187.0	0.00200668334961	-3.52478027344e-06	1511962808.2356439	
20297.0	0.00200668334961	-3.52478027344e-06	1511962808.7357008	
20297.0	0.00200668334961	-3.52478027344e-06	1511962809.2362142	
20408.0	0.00200668334961	-3.52478027344e-06	1511962809.7357063	
20408.0	0.00200668334961	-3.52478027344e-06	1511962810.2358458	
20519.0	0.00200668334961	-3.52478027344e-06	1511962810.7356918	
20519.0	0.00200668334961	-3.52478027344e-06	1511962811.235708	
20630.0	0.00200668334961	-3.52478027344e-06	1511962811.7356877	
20630.0	0.00200668334961	-3.52478027344e-06	1511962812.2357032	
20741.0	0.00200668334961	-3.52478027344e-06	1511962812.7356906	
20741.0	0.00200668334961	-3.52478027344e-06	1511962813.235997	
20741.0	0.00200668334961	-3.52478027344e-06	1511962813.7356975	
20852.0	0.00200668334961	-3.52478027344e-06	1511962814.2358582	
20852.0	0.00197219848633	-3.16314697266e-06	1511962814.7356887	
20963.0	0.00197219848633	-3.16314697266e-06	1511962815.235688	
20963.0	0.00197219848633	-3.16314697266e-06	1511962815.735681	
21074.0	0.00197219848633	-3.16314697266e-06	1511962816.2356794	
21074.0	0.00197219848633	-3.16314697266e-06	1511962816.7356904	
21184.0	0.00197219848633	-3.16314697266e-06	1511962817.2356927	
21184.0	0.00197219848633	-3.16314697266e-06	1511962817.7357056	
21295.0	0.00197219848633	-3.16314697266e-06	1511962818.2357059	
21295.0	0.00197219848633	-3.16314697266e-06	1511962818.7357156	
21295.0	0.00197219848633	-3.16314697266e-06	1511962819.2358017	
21517.0	0.00197219848633	-3.16314697266e-06	1511962819.7356863	
21517.0	0.00197219848633	-3.16314697266e-06	1511962820.236141	
21628.0	0.00197219848633	-3.16314697266e-06	1511962820.7356913	
21628.0	0.00202056884766	-3.24554443359e-06	1511962821.2356918	
21739.0	0.00202056884766	-3.24554443359e-06	1511962821.7357628	
21739.0	0.00202056884766	-3.24554443359e-06	1511962822.2357092	
21850.0	0.00202056884766	-3.24554443359e-06	1511962822.735694	
21850.0	0.00202056884766	-3.24554443359e-06	1511962823.2361104	
21961.0	0.00202056884766	-3.24554443359e-06	1511962823.735699	
21961.0	0.00202056884766	-3.24554443359e-06	1511962824.2359548	
21961.0	0.00202056884766	-3.24554443359e-06	1511962824.735693	
22071.0	0.00202056884766	-3.24554443359e-06	1511962825.235683	
22071.0	0.00202056884766	-3.24554443359e-06	1511962825.7357054	
22182.0	0.00202056884766	-3.24554443359e-06	1511962826.2356985	
22182.0	0.00202056884766	-3.24554443359e-06	1511962826.7356942	
22293.0	0.00202056884766	-3.24554443359e-06	1511962827.2356925	
22293.0	0.0020866394043	-3.67736816406e-06	1511962827.7357183	
22404.0	0.0020866394043	-3.67736816406e-06	1511962828.2358325	
22404.0	0.0020866394043	-3.67736816406e-06	1511962828.7356982	
22515.0	0.0020866394043	-3.67736816406e-06	1511962829.2356882	
22515.0	0.0020866394043	-3.67736816406e-06	1511962829.7357028	
22515.0	0.0020866394043	-3.67736816406e-06	1511962830.2357075	
22626.0	0.0020866394043	-3.67736816406e-06	1511962830.7356842	
22626.0	0.0020866394043	-3.67736816406e-06	1511962831.2356842	
22737.0	0.0020866394043	-3.67736816406e-06	1511962831.7357001	
22737.0	0.0020866394043	-3.67736816406e-06	1511962832.2357013	
22847.0	0.0020866394043	-3.67736816406e-06	1511962832.7356966	
22847.0	0.0020866394043	-3.67736816406e-06	1511962833.2359858	
22958.0	0.0020866394043	-3.67736816406e-06	1511962833.7356913	
22958.0	0.00201583862305	-2.48260498047e-06	1511962834.235652	
23069.0	0.00201583862305	-2.48260498047e-06	1511962834.7356908	
23069.0	0.00201583862305	-2.48260498047e-06	1511962835.2356994	
23069.0	0.00201583862305	-2.48260498047e-06	1511962835.735686	
23180.0	0.00201583862305	-2.48260498047e-06	1511962836.23582	
23180.0	0.00201583862305	-2.48260498047e-06	1511962836.7356975	
23291.0	0.00201583862305	-2.48260498047e-06	1511962837.2356997	
23291.0	0.00201583862305	-2.48260498047e-06	1511962837.7356877	
23402.0	0.00201583862305	-2.48260498047e-06	1511962838.2357526	
23402.0	0.00201583862305	-2.48260498047e-06	1511962838.735706	
23513.0	0.00201583862305	-2.48260498047e-06	1511962839.2356975	
23513.0	0.00201583862305	-2.48260498047e-06	1511962839.7356958	
