
#$Filter:none
#$	0	1	 1
#$	1	op06	0.251188643150958
#$	2	op09*op09	0.015848931924611138
#$	3	op18*op18*op18	3.9810717055349725e-06
#$	4	ns12	1e-7
#$	5	0	 1e-22
#$POWER:19.8, mW
#$WAVELENGTH:1064,nm
#$OBJECT:PVDF40, bscat
position	ref	signal	Time
0.0	0.00200653076172	-4.8828125e-08	1511964644.7593467	
18.0	0.00200653076172	-4.8828125e-08	1511964645.2594273	
18.0	0.00200653076172	-4.8828125e-08	1511964645.7593336	
129.0	0.00200653076172	-4.8828125e-08	1511964646.260349	
129.0	0.00200653076172	-4.8828125e-08	1511964646.7594426	
129.0	0.00200653076172	-4.8828125e-08	1511964647.2594047	
240.0	0.00200653076172	-4.8828125e-08	1511964647.7593935	
240.0	0.00200653076172	-4.8828125e-08	1511964648.2593148	
351.0	0.00200653076172	-4.8828125e-08	1511964648.7593262	
351.0	0.00190887451172	-4.11987304688e-08	1511964649.2594566	
462.0	0.00190887451172	-4.11987304688e-08	1511964649.759316	
462.0	0.00190887451172	-4.11987304688e-08	1511964650.2595835	
573.0	0.00190887451172	-4.11987304688e-08	1511964650.832027	
573.0	0.00190887451172	-4.11987304688e-08	1511964651.2794204	
573.0	0.00190887451172	-4.11987304688e-08	1511964651.7593348	
573.0	0.00190887451172	-4.11987304688e-08	1511964652.3070962	
573.0	0.00190887451172	-4.11987304688e-08	1511964652.7593021	
918.0	0.00190887451172	-4.11987304688e-08	1511964653.25931	
918.0	0.00190887451172	-4.11987304688e-08	1511964653.759325	
1192.0	0.00190887451172	-4.11987304688e-08	1511964654.2594147	
1192.0	0.00190887451172	-4.11987304688e-08	1511964654.7595835	
1468.0	0.00190887451172	-4.11987304688e-08	1511964655.259459	
1468.0	0.0019514465332	-2.67028808594e-08	1511964655.7595782	
1745.0	0.0019514465332	-2.67028808594e-08	1511964656.2595131	
1745.0	0.0019514465332	-2.67028808594e-08	1511964656.7592928	
2022.0	0.0019514465332	-2.67028808594e-08	1511964657.2592952	
2022.0	0.0019514465332	-2.67028808594e-08	1511964657.7593198	
2022.0	0.0019514465332	-2.67028808594e-08	1511964658.2593336	
2298.0	0.0019514465332	-2.67028808594e-08	1511964658.7594478	
2298.0	0.0019514465332	-2.67028808594e-08	1511964659.2593246	
2298.0	0.0019514465332	-2.67028808594e-08	1511964659.7593102	
2298.0	0.0019514465332	-2.67028808594e-08	1511964660.2593293	
3115.0	0.0019514465332	-2.67028808594e-08	1511964660.7593381	
3115.0	0.0019514465332	-2.67028808594e-08	1511964661.2593293	
3392.0	0.0019514465332	-2.67028808594e-08	1511964661.759332	
3392.0	0.00207382202148	-4.2724609375e-08	1511964662.259323	
3668.0	0.00207382202148	-4.2724609375e-08	1511964662.7593005	
3668.0	0.00207382202148	-4.2724609375e-08	1511964663.2593355	
3668.0	0.00207382202148	-4.2724609375e-08	1511964663.7593303	
3945.0	0.00207382202148	-4.2724609375e-08	1511964664.2593262	
3945.0	0.00207382202148	-4.2724609375e-08	1511964664.759333	
4222.0	0.00207382202148	-4.2724609375e-08	1511964665.2593443	
4222.0	0.00207382202148	-4.2724609375e-08	1511964665.7593606	
4499.0	0.00207382202148	-4.2724609375e-08	1511964666.2593198	
4499.0	0.00207382202148	-4.2724609375e-08	1511964666.7596774	
4775.0	0.00207382202148	-4.2724609375e-08	1511964667.2593732	
4775.0	0.00207382202148	-4.2724609375e-08	1511964667.7593415	
5052.0	0.00207382202148	-4.2724609375e-08	1511964668.2595248	
5052.0	0.0020719909668	-3.35693359375e-08	1511964668.7593343	
5052.0	0.0020719909668	-3.35693359375e-08	1511964669.2593272	
5329.0	0.0020719909668	-3.35693359375e-08	1511964669.7593246	
5329.0	0.0020719909668	-3.35693359375e-08	1511964670.2593267	
5606.0	0.0020719909668	-3.35693359375e-08	1511964670.7600367	
5606.0	0.0020719909668	-3.35693359375e-08	1511964671.2593267	
5883.0	0.0020719909668	-3.35693359375e-08	1511964671.7593262	
5883.0	0.0020719909668	-3.35693359375e-08	1511964672.259332	
6159.0	0.0020719909668	-3.35693359375e-08	1511964672.759335	
6159.0	0.0020719909668	-3.35693359375e-08	1511964673.2593477	
6436.0	0.0020719909668	-3.35693359375e-08	1511964673.7592998	
6436.0	0.0020719909668	-3.35693359375e-08	1511964674.259349	
6436.0	0.0020719909668	-3.35693359375e-08	1511964674.7595737	
6712.0	0.00194381713867	-3.25775146484e-07	1511964675.2592764	
6712.0	0.00194381713867	-3.25775146484e-07	1511964675.7593255	
6989.0	0.00194381713867	-3.25775146484e-07	1511964676.259349	
6989.0	0.00194381713867	-3.25775146484e-07	1511964676.7593195	
7266.0	0.00194381713867	-3.25775146484e-07	1511964677.2593265	
7266.0	0.00194381713867	-3.25775146484e-07	1511964677.7593362	
7543.0	0.00194381713867	-3.25775146484e-07	1511964678.259319	
7543.0	0.00194381713867	-3.25775146484e-07	1511964678.75931	
7819.0	0.00194381713867	-3.25775146484e-07	1511964679.2592762	
7819.0	0.00194381713867	-3.25775146484e-07	1511964679.7593277	
7819.0	0.00194381713867	-3.25775146484e-07	1511964680.2594857	
8096.0	0.00194381713867	-3.25775146484e-07	1511964680.7593112	
8096.0	0.00194381713867	-3.25775146484e-07	1511964681.2593303	
8372.0	0.00193572998047	-3.70025634766e-07	1511964681.7594118	
8372.0	0.00193572998047	-3.70025634766e-07	1511964682.2596078	
8649.0	0.00193572998047	-3.70025634766e-07	1511964682.7596343	
8649.0	0.00193572998047	-3.70025634766e-07	1511964683.2596936	
8926.0	0.00193572998047	-3.70025634766e-07	1511964683.7593253	
8926.0	0.00193572998047	-3.70025634766e-07	1511964684.2593164	
9203.0	0.00193572998047	-3.70025634766e-07	1511964684.7593253	
9203.0	0.00193572998047	-3.70025634766e-07	1511964685.2594943	
9203.0	0.00193572998047	-3.70025634766e-07	1511964685.7593586	
9480.0	0.00193572998047	-3.70025634766e-07	1511964686.259744	
9480.0	0.00193572998047	-3.70025634766e-07	1511964686.7593343	
9756.0	0.00193572998047	-3.70025634766e-07	1511964687.2593677	
9756.0	0.00193572998047	-3.70025634766e-07	1511964687.759284	
10033.0	0.00195327758789	-4.60815429687e-07	1511964688.2593236	
10033.0	0.00195327758789	-4.60815429687e-07	1511964688.7594604	
10586.0	0.00195327758789	-4.60815429687e-07	1511964689.2593648	
10586.0	0.00195327758789	-4.60815429687e-07	1511964689.7597167	
10848.0	0.00195327758789	-4.60815429687e-07	1511964690.27454	
10848.0	0.00195327758789	-4.60815429687e-07	1511964690.7592893	
10848.0	0.00195327758789	-4.60815429687e-07	1511964691.259329	
10969.0	0.00195327758789	-4.60815429687e-07	1511964691.7593694	
10969.0	0.00195327758789	-4.60815429687e-07	1511964692.259344	
11094.0	0.00195327758789	-4.60815429687e-07	1511964692.7595747	
11094.0	0.00195327758789	-4.60815429687e-07	1511964693.2593246	
11223.0	0.00195327758789	-4.60815429687e-07	1511964693.799226	
11223.0	0.00195327758789	-4.60815429687e-07	1511964694.2593367	
11350.0	0.00195251464844	-5.46264648437e-07	1511964694.7593365	
11350.0	0.00195251464844	-5.46264648437e-07	1511964695.2593277	
11477.0	0.00195251464844	-5.46264648437e-07	1511964695.7593017	
11477.0	0.00195251464844	-5.46264648437e-07	1511964696.2598224	
11477.0	0.00195251464844	-5.46264648437e-07	1511964696.7593346	
11603.0	0.00195251464844	-5.46264648437e-07	1511964697.259284	
11603.0	0.00195251464844	-5.46264648437e-07	1511964697.7599027	
11730.0	0.00195251464844	-5.46264648437e-07	1511964698.2593393	
11730.0	0.00195251464844	-5.46264648437e-07	1511964698.7596228	
11857.0	0.00195251464844	-5.46264648437e-07	1511964699.2594137	
11857.0	0.00195251464844	-5.46264648437e-07	1511964699.7593327	
11983.0	0.00195251464844	-5.46264648437e-07	1511964700.2593687	
11983.0	0.00195251464844	-5.46264648437e-07	1511964700.759455	
12110.0	0.00197158813477	-5.65338134766e-07	1511964701.259292	
12110.0	0.00197158813477	-5.65338134766e-07	1511964701.7593431	
12110.0	0.00197158813477	-5.65338134766e-07	1511964702.259338	
12237.0	0.00197158813477	-5.65338134766e-07	1511964702.7594533	
12237.0	0.00197158813477	-5.65338134766e-07	1511964703.259853	
12363.0	0.00197158813477	-5.65338134766e-07	1511964703.7593164	
12363.0	0.00197158813477	-5.65338134766e-07	1511964704.259605	
12490.0	0.00197158813477	-5.65338134766e-07	1511964704.7593355	
12490.0	0.00197158813477	-5.65338134766e-07	1511964705.2594233	
12617.0	0.00197158813477	-5.65338134766e-07	1511964705.759562	
12617.0	0.00197158813477	-5.65338134766e-07	1511964706.2593367	
12743.0	0.00197158813477	-5.65338134766e-07	1511964706.7594578	
12743.0	0.00197158813477	-5.65338134766e-07	1511964707.2597308	
12743.0	0.00185455322266	-5.48553466797e-07	1511964707.7592735	
12870.0	0.00185455322266	-5.48553466797e-07	1511964708.2596889	
12870.0	0.00185455322266	-5.48553466797e-07	1511964708.7593384	
12997.0	0.00185455322266	-5.48553466797e-07	1511964709.2593284	
12997.0	0.00185455322266	-5.48553466797e-07	1511964709.7593594	
13124.0	0.00185455322266	-5.48553466797e-07	1511964710.2593915	
13124.0	0.00185455322266	-5.48553466797e-07	1511964710.759341	
13250.0	0.00185455322266	-5.48553466797e-07	1511964711.259315	
13250.0	0.00185455322266	-5.48553466797e-07	1511964711.7593582	
13377.0	0.00185455322266	-5.48553466797e-07	1511964712.2594001	
13377.0	0.00185455322266	-5.48553466797e-07	1511964712.7593174	
13377.0	0.00185455322266	-5.48553466797e-07	1511964713.259313	
13504.0	0.00185455322266	-5.48553466797e-07	1511964713.7593293	
13504.0	0.00194427490234	-4.37164306641e-07	1511964714.2594154	
13631.0	0.00194427490234	-4.37164306641e-07	1511964714.7593272	
13631.0	0.00194427490234	-4.37164306641e-07	1511964715.2593198	
13757.0	0.00194427490234	-4.37164306641e-07	1511964715.7593267	
13757.0	0.00194427490234	-4.37164306641e-07	1511964716.2597492	
13884.0	0.00194427490234	-4.37164306641e-07	1511964716.759447	
13884.0	0.00194427490234	-4.37164306641e-07	1511964717.2592752	
14011.0	0.00194427490234	-4.37164306641e-07	1511964717.7593179	
14011.0	0.00194427490234	-4.37164306641e-07	1511964718.2593389	
14011.0	0.00194427490234	-4.37164306641e-07	1511964718.7593782	
14137.0	0.00194427490234	-4.37164306641e-07	1511964719.2596655	
14137.0	0.00194427490234	-4.37164306641e-07	1511964719.7594755	
14264.0	0.00194427490234	-4.37164306641e-07	1511964720.2595665	
14264.0	0.00193878173828	-8.01086425781e-07	1511964720.759333	
14518.0	0.00193878173828	-8.01086425781e-07	1511964721.2595618	
14518.0	0.00193878173828	-8.01086425781e-07	1511964721.759639	
14644.0	0.00193878173828	-8.01086425781e-07	1511964722.259434	
14644.0	0.00193878173828	-8.01086425781e-07	1511964722.7593393	
14771.0	0.00193878173828	-8.01086425781e-07	1511964723.259434	
14771.0	0.00193878173828	-8.01086425781e-07	1511964723.7597442	
14771.0	0.00193878173828	-8.01086425781e-07	1511964724.259324	
14898.0	0.00193878173828	-8.01086425781e-07	1511964724.759323	
14898.0	0.00193878173828	-8.01086425781e-07	1511964725.2593417	
15024.0	0.00193878173828	-8.01086425781e-07	1511964725.7597368	
15024.0	0.00193878173828	-8.01086425781e-07	1511964726.2598333	
15151.0	0.00193878173828	-8.01086425781e-07	1511964726.7593718	
15151.0	0.00199371337891	-6.48498535156e-07	1511964727.259446	
15278.0	0.00199371337891	-6.48498535156e-07	1511964727.7595665	
15278.0	0.00199371337891	-6.48498535156e-07	1511964728.2593932	
15405.0	0.00199371337891	-6.48498535156e-07	1511964728.7593007	
15405.0	0.00199371337891	-6.48498535156e-07	1511964729.2593157	
15405.0	0.00199371337891	-6.48498535156e-07	1511964729.7597342	
15531.0	0.00199371337891	-6.48498535156e-07	1511964730.2593646	
15531.0	0.00199371337891	-6.48498535156e-07	1511964730.759335	
15658.0	0.00199371337891	-6.48498535156e-07	1511964731.2595282	
15658.0	0.00199371337891	-6.48498535156e-07	1511964731.7594972	
15785.0	0.00199371337891	-6.48498535156e-07	1511964732.2594578	
15785.0	0.00199371337891	-6.48498535156e-07	1511964732.7593431	
15912.0	0.00199371337891	-6.48498535156e-07	1511964733.2593272	
15912.0	0.00195846557617	-7.25555419922e-07	1511964733.7592795	
16038.0	0.00195846557617	-7.25555419922e-07	1511964734.2594142	
16038.0	0.00195846557617	-7.25555419922e-07	1511964734.7593694	
16038.0	0.00195846557617	-7.25555419922e-07	1511964735.2593267	
16165.0	0.00195846557617	-7.25555419922e-07	1511964735.7596302	
16165.0	0.00195846557617	-7.25555419922e-07	1511964736.2598171	
16292.0	0.00195846557617	-7.25555419922e-07	1511964736.7597408	
16292.0	0.00195846557617	-7.25555419922e-07	1511964737.2594483	
16418.0	0.00195846557617	-7.25555419922e-07	1511964737.7592914	
16418.0	0.00195846557617	-7.25555419922e-07	1511964738.2593355	
16545.0	0.00195846557617	-7.25555419922e-07	1511964738.7593236	
16545.0	0.00195846557617	-7.25555419922e-07	1511964739.2593248	
16672.0	0.00195846557617	-7.25555419922e-07	1511964739.7593255	
16672.0	0.00193908691406	-8.40759277344e-07	1511964740.2593167	
16672.0	0.00193908691406	-8.40759277344e-07	1511964740.7593277	
16798.0	0.00193908691406	-8.40759277344e-07	1511964741.25932	
16798.0	0.00193908691406	-8.40759277344e-07	1511964741.7593288	
16925.0	0.00193908691406	-8.40759277344e-07	1511964742.2593937	
16925.0	0.00193908691406	-8.40759277344e-07	1511964742.7593176	
17052.0	0.00193908691406	-8.40759277344e-07	1511964743.259715	
17052.0	0.00193908691406	-8.40759277344e-07	1511964743.759362	
17179.0	0.00193908691406	-8.40759277344e-07	1511964744.2595894	
17179.0	0.00193908691406	-8.40759277344e-07	1511964744.7597284	
17305.0	0.00193908691406	-8.40759277344e-07	1511964745.2592978	
17305.0	0.00193908691406	-8.40759277344e-07	1511964745.7593307	
17305.0	0.00193908691406	-8.40759277344e-07	1511964746.2593265	
17432.0	0.00199493408203	-9.18579101562e-07	1511964746.7593338	
17432.0	0.00199493408203	-9.18579101562e-07	1511964747.2593958	
17559.0	0.00199493408203	-9.18579101562e-07	1511964747.7595675	
17559.0	0.00199493408203	-9.18579101562e-07	1511964748.2593338	
17685.0	0.00199493408203	-9.18579101562e-07	1511964748.7593155	
17685.0	0.00199493408203	-9.18579101562e-07	1511964749.2593296	
17812.0	0.00199493408203	-9.18579101562e-07	1511964749.7593224	
17812.0	0.00199493408203	-9.18579101562e-07	1511964750.2593203	
17939.0	0.00199493408203	-9.18579101562e-07	1511964750.7592957	
17939.0	0.00199493408203	-9.18579101562e-07	1511964751.2593317	
17939.0	0.00199493408203	-9.18579101562e-07	1511964751.7593231	
18192.0	0.00199493408203	-9.18579101562e-07	1511964752.2593741	
18192.0	0.00199493408203	-9.18579101562e-07	1511964752.7593236	
18319.0	0.00198272705078	-4.80651855469e-07	1511964753.2592735	
18319.0	0.00198272705078	-4.80651855469e-07	1511964753.7598472	
18446.0	0.00198272705078	-4.80651855469e-07	1511964754.2594357	
18446.0	0.00198272705078	-4.80651855469e-07	1511964754.759601	
18572.0	0.00198272705078	-4.80651855469e-07	1511964755.2593222	
18572.0	0.00198272705078	-4.80651855469e-07	1511964755.759293	
18699.0	0.00198272705078	-4.80651855469e-07	1511964756.2593129	
18699.0	0.00198272705078	-4.80651855469e-07	1511964756.759352	
18699.0	0.00198272705078	-4.80651855469e-07	1511964757.2593215	
18826.0	0.00198272705078	-4.80651855469e-07	1511964757.7593398	
18826.0	0.00198272705078	-4.80651855469e-07	1511964758.259362	
18953.0	0.00198272705078	-4.80651855469e-07	1511964758.7593253	
18953.0	0.00198272705078	-4.80651855469e-07	1511964759.2593284	
19079.0	0.00192886352539	-1.1474609375e-06	1511964759.759274	
19079.0	0.00192886352539	-1.1474609375e-06	1511964760.2593393	
19206.0	0.00192886352539	-1.1474609375e-06	1511964760.7593913	
19206.0	0.00192886352539	-1.1474609375e-06	1511964761.259338	
19333.0	0.00192886352539	-1.1474609375e-06	1511964761.7592957	
19333.0	0.00192886352539	-1.1474609375e-06	1511964762.2593293	
19333.0	0.00192886352539	-1.1474609375e-06	1511964762.7593203	
19460.0	0.00192886352539	-1.1474609375e-06	1511964763.2593195	
19460.0	0.00192886352539	-1.1474609375e-06	1511964763.7593298	
19586.0	0.00192886352539	-1.1474609375e-06	1511964764.2596593	
19586.0	0.00192886352539	-1.1474609375e-06	1511964764.7593281	
19713.0	0.00192886352539	-1.1474609375e-06	1511964765.2595582	
19713.0	0.00192886352539	-1.1474609375e-06	1511964765.7593732	
19840.0	0.00194061279297	-7.37762451172e-07	1511964766.259276	
19840.0	0.00194061279297	-7.37762451172e-07	1511964766.759625	
19966.0	0.00194061279297	-7.37762451172e-07	1511964767.2594233	
19966.0	0.00194061279297	-7.37762451172e-07	1511964767.759336	
19966.0	0.00194061279297	-7.37762451172e-07	1511964768.2593336	
20093.0	0.00194061279297	-7.37762451172e-07	1511964768.759316	
20093.0	0.00194061279297	-7.37762451172e-07	1511964769.2593312	
20220.0	0.00194061279297	-7.37762451172e-07	1511964769.7592907	
20220.0	0.00194061279297	-7.37762451172e-07	1511964770.2593358	
20347.0	0.00194061279297	-7.37762451172e-07	1511964770.75945	
20347.0	0.00194061279297	-7.37762451172e-07	1511964771.2594573	
20473.0	0.00194061279297	-7.37762451172e-07	1511964771.7593236	
20473.0	0.00194061279297	-7.37762451172e-07	1511964772.2593403	
20600.0	0.00193023681641	-8.20922851563e-07	1511964772.7592766	
20600.0	0.00193023681641	-8.20922851563e-07	1511964773.2593548	
20600.0	0.00193023681641	-8.20922851563e-07	1511964773.7595394	
20727.0	0.00193023681641	-8.20922851563e-07	1511964774.2595572	
20727.0	0.00193023681641	-8.20922851563e-07	1511964774.759379	
20853.0	0.00193023681641	-8.20922851563e-07	1511964775.2594497	
20853.0	0.00193023681641	-8.20922851563e-07	1511964775.759767	
20980.0	0.00193023681641	-8.20922851563e-07	1511964776.2593381	
20980.0	0.00193023681641	-8.20922851563e-07	1511964776.7594125	
21107.0	0.00193023681641	-8.20922851563e-07	1511964777.2595592	
21107.0	0.00193023681641	-8.20922851563e-07	1511964777.7595897	
21233.0	0.00193023681641	-8.20922851563e-07	1511964778.259312	
21233.0	0.00193023681641	-8.20922851563e-07	1511964778.7593305	
21233.0	0.00195938110352	-7.36999511719e-07	1511964779.2626076	
21360.0	0.00195938110352	-7.36999511719e-07	1511964779.759478	
21360.0	0.00195938110352	-7.36999511719e-07	1511964780.259332	
21487.0	0.00195938110352	-7.36999511719e-07	1511964780.7593718	
21487.0	0.00195938110352	-7.36999511719e-07	1511964781.2593389	
21614.0	0.00195938110352	-7.36999511719e-07	1511964781.7593687	
21614.0	0.00195938110352	-7.36999511719e-07	1511964782.259338	
21867.0	0.00195938110352	-7.36999511719e-07	1511964782.7683141	
21867.0	0.00195938110352	-7.36999511719e-07	1511964783.2593262	
21994.0	0.00195938110352	-7.36999511719e-07	1511964783.7593281	
21994.0	0.00195938110352	-7.36999511719e-07	1511964784.2596886	
21994.0	0.00195938110352	-7.36999511719e-07	1511964784.7593305	
22120.0	0.00195938110352	-7.36999511719e-07	1511964785.259472	
22120.0	0.00195938110352	-7.36999511719e-07	1511964785.75932	
22247.0	0.00196472167969	-5.90515136719e-07	1511964786.259343	
22247.0	0.00196472167969	-5.90515136719e-07	1511964786.7593558	
22374.0	0.00196472167969	-5.90515136719e-07	1511964787.2592845	
22374.0	0.00196472167969	-5.90515136719e-07	1511964787.7593348	
22501.0	0.00196472167969	-5.90515136719e-07	1511964788.2594185	
22501.0	0.00196472167969	-5.90515136719e-07	1511964788.7593849	
22627.0	0.00196472167969	-5.90515136719e-07	1511964789.259424	
22627.0	0.00196472167969	-5.90515136719e-07	1511964789.7595754	
22627.0	0.00196472167969	-5.90515136719e-07	1511964790.259324	
22754.0	0.00196472167969	-5.90515136719e-07	1511964790.7594569	
22754.0	0.00196472167969	-5.90515136719e-07	1511964791.2595336	
22881.0	0.00196472167969	-5.90515136719e-07	1511964791.7596292	
22881.0	0.00196472167969	-5.90515136719e-07	1511964792.2597127	
23008.0	0.00183197021484	-1.09329223633e-06	1511964792.759332	
23008.0	0.00183197021484	-1.09329223633e-06	1511964793.2598708	
23134.0	0.00183197021484	-1.09329223633e-06	1511964793.7593002	
23134.0	0.00183197021484	-1.09329223633e-06	1511964794.2593298	
23261.0	0.00183197021484	-1.09329223633e-06	1511964794.7593243	
23261.0	0.00183197021484	-1.09329223633e-06	1511964795.2593393	
23261.0	0.00183197021484	-1.09329223633e-06	1511964795.7593248	
23388.0	0.00183197021484	-1.09329223633e-06	1511964796.2593286	
23388.0	0.00183197021484	-1.09329223633e-06	1511964796.759472	
23514.0	0.00183197021484	-1.09329223633e-06	1511964797.2594156	
23514.0	0.00183197021484	-1.09329223633e-06	1511964797.759702	
23641.0	0.00183197021484	-1.09329223633e-06	1511964798.259397	
23641.0	0.00183197021484	-1.09329223633e-06	1511964798.7593186	
23768.0	0.00195175170898	-9.21630859375e-07	1511964799.2592847	
23768.0	0.00195175170898	-9.21630859375e-07	1511964799.759321	
23895.0	0.00195175170898	-9.21630859375e-07	1511964800.2593951	
23895.0	0.00195175170898	-9.21630859375e-07	1511964800.7593243	
23895.0	0.00195175170898	-9.21630859375e-07	1511964801.2593374	
24021.0	0.00195175170898	-9.21630859375e-07	1511964801.7595415	
24021.0	0.00195175170898	-9.21630859375e-07	1511964802.2595725	
24148.0	0.00195175170898	-9.21630859375e-07	1511964802.7593193	
24148.0	0.00195175170898	-9.21630859375e-07	1511964803.259549	
24275.0	0.00195175170898	-9.21630859375e-07	1511964803.7593277	
24275.0	0.00195175170898	-9.21630859375e-07	1511964804.2597997	
24402.0	0.00195175170898	-9.21630859375e-07	1511964804.7595508	
24402.0	0.00195175170898	-9.21630859375e-07	1511964805.259338	
24528.0	0.00189453125	-1.40686035156e-06	1511964805.7592857	
24528.0	0.00189453125	-1.40686035156e-06	1511964806.2593179	
24528.0	0.00189453125	-1.40686035156e-06	1511964806.7593427	
24655.0	0.00189453125	-1.40686035156e-06	1511964807.259479	
24655.0	0.00189453125	-1.40686035156e-06	1511964807.759333	
24782.0	0.00189453125	-1.40686035156e-06	1511964808.2593398	
24782.0	0.00189453125	-1.40686035156e-06	1511964808.7593293	
24909.0	0.00189453125	-1.40686035156e-06	1511964809.2593274	
24909.0	0.00189453125	-1.40686035156e-06	1511964809.7598965	
25035.0	0.00189453125	-1.40686035156e-06	1511964810.2593915	
25035.0	0.00189453125	-1.40686035156e-06	1511964810.759338	
25162.0	0.00189453125	-1.40686035156e-06	1511964811.2594128	
25162.0	0.00189453125	-1.40686035156e-06	1511964811.759409	
25162.0	0.00192230224609	-8.48388671875e-07	1511964812.2598324	
25289.0	0.00192230224609	-8.48388671875e-07	1511964812.7593114	
25289.0	0.00192230224609	-8.48388671875e-07	1511964813.2597709	
25416.0	0.00192230224609	-8.48388671875e-07	1511964813.759324	
25416.0	0.00192230224609	-8.48388671875e-07	1511964814.259612	
25669.0	0.00192230224609	-8.48388671875e-07	1511964814.759325	
25669.0	0.00192230224609	-8.48388671875e-07	1511964815.2593288	
25796.0	0.00192230224609	-8.48388671875e-07	1511964815.7593198	
25796.0	0.00192230224609	-8.48388671875e-07	1511964816.2593215	

#$Filter:none
#$	0	1	 1
#$	1	op06	0.251188643150958
#$	2	op09*op09	0.015848931924611138
#$	3	op18*op18*op18	3.9810717055349725e-06
#$	4	ns12	1e-7
#$	5	0	 1e-22
#$POWER:19.8, mW
#$WAVELENGTH:1064,nm
#$OBJECT:PVDF40, bscat
position	ref	signal	Time
25903.0	0.00196182250977	-1.54724121094e-06	1511964861.0556705	
25903.0	0.00196182250977	-1.54724121094e-06	1511964861.5557294	
25973.0	0.00196182250977	-1.54724121094e-06	1511964862.0559235	
25973.0	0.00196182250977	-1.54724121094e-06	1511964862.5557177	
26100.0	0.00196182250977	-1.54724121094e-06	1511964863.0557272	
26100.0	0.00196182250977	-1.54724121094e-06	1511964863.5562234	

#$Filter:none
#$	0	1	 1
#$	1	op06	0.251188643150958
#$	2	op09*op09	0.015848931924611138
#$	3	op18*op18*op18	3.9810717055349725e-06
#$	4	ns12	1e-7
#$	5	0	 1e-22
#$POWER:19.8, mW
#$WAVELENGTH:1064,nm
#$OBJECT:PVDF40, bscat
position	ref	signal	Time
26280.0	0.00191802978516	-1.33209228516e-06	1511964891.388328	
26280.0	0.00191802978516	-1.33209228516e-06	1511964891.888326	
26280.0	0.00191802978516	-1.33209228516e-06	1511964892.388329	
26407.0	0.00191802978516	-1.33209228516e-06	1511964892.888328	
26407.0	0.00191802978516	-1.33209228516e-06	1511964893.388396	
26534.0	0.00191802978516	-1.33209228516e-06	1511964893.8883078	
26534.0	0.00191802978516	-1.33209228516e-06	1511964894.3883286	
26660.0	0.00191802978516	-1.33209228516e-06	1511964894.888303	
26660.0	0.00191802978516	-1.33209228516e-06	1511964895.3884401	
26660.0	0.00191802978516	-1.33209228516e-06	1511964895.8883195	
26787.0	0.00191802978516	-1.33209228516e-06	1511964896.3886356	
26787.0	0.00192352294922	-1.48620605469e-06	1511964896.888326	
26914.0	0.00192352294922	-1.48620605469e-06	1511964897.3883297	
26914.0	0.00192352294922	-1.48620605469e-06	1511964897.8883252	
27040.0	0.00192352294922	-1.48620605469e-06	1511964898.388602	
27040.0	0.00192352294922	-1.48620605469e-06	1511964898.8883407	
27167.0	0.00192352294922	-1.48620605469e-06	1511964899.3883252	
27167.0	0.00192352294922	-1.48620605469e-06	1511964899.888326	
27294.0	0.00192352294922	-1.48620605469e-06	1511964900.3885195	
27294.0	0.00192352294922	-1.48620605469e-06	1511964900.8883367	
27294.0	0.00192352294922	-1.48620605469e-06	1511964901.3883336	
27421.0	0.00192352294922	-1.48620605469e-06	1511964901.8883166	
27421.0	0.00192352294922	-1.48620605469e-06	1511964902.3883321	
27547.0	0.00192352294922	-1.48620605469e-06	1511964902.8883195	
27547.0	0.00189025878906	-1.35192871094e-06	1511964903.388439	
27674.0	0.00189025878906	-1.35192871094e-06	1511964903.888316	
27674.0	0.00189025878906	-1.35192871094e-06	1511964904.388335	
27801.0	0.00189025878906	-1.35192871094e-06	1511964904.888329	
27801.0	0.00189025878906	-1.35192871094e-06	1511964905.3882723	
27927.0	0.00189025878906	-1.35192871094e-06	1511964905.8883247	
27927.0	0.00189025878906	-1.35192871094e-06	1511964906.3886044	
27927.0	0.00189025878906	-1.35192871094e-06	1511964906.8883243	
28054.0	0.00189025878906	-1.35192871094e-06	1511964907.388387	
28054.0	0.00189025878906	-1.35192871094e-06	1511964907.8883312	
28307.0	0.00189025878906	-1.35192871094e-06	1511964908.3884413	
28307.0	0.00189025878906	-1.35192871094e-06	1511964908.8883307	
28434.0	0.00189025878906	-1.35192871094e-06	1511964909.3883238	
28434.0	0.00192626953125	-1.37023925781e-06	1511964909.8883185	
28561.0	0.00192626953125	-1.37023925781e-06	1511964910.3883176	
28561.0	0.00192626953125	-1.37023925781e-06	1511964910.8883243	
28688.0	0.00192626953125	-1.37023925781e-06	1511964911.3885334	
28688.0	0.00192626953125	-1.37023925781e-06	1511964911.8883116	
28688.0	0.00192626953125	-1.37023925781e-06	1511964912.3885837	
28814.0	0.00192626953125	-1.37023925781e-06	1511964912.8883219	
28814.0	0.00192626953125	-1.37023925781e-06	1511964913.3883452	
28935.0	0.00192626953125	-1.37023925781e-06	1511964913.8883202	
28935.0	0.00192626953125	-1.37023925781e-06	1511964914.3883245	
29062.0	0.00192626953125	-1.37023925781e-06	1511964914.8883257	
29062.0	0.00192626953125	-1.37023925781e-06	1511964915.3886	
29188.0	0.00192626953125	-1.37023925781e-06	1511964915.888329	
29188.0	0.00196182250977	-1.27258300781e-06	1511964916.3886023	
29315.0	0.00196182250977	-1.27258300781e-06	1511964916.8883204	
29315.0	0.00196182250977	-1.27258300781e-06	1511964917.3886495	
29315.0	0.00196182250977	-1.27258300781e-06	1511964917.8883247	
29442.0	0.00196182250977	-1.27258300781e-06	1511964918.3883703	
29442.0	0.00196182250977	-1.27258300781e-06	1511964918.8883154	
29568.0	0.00196182250977	-1.27258300781e-06	1511964919.3884141	
29568.0	0.00196182250977	-1.27258300781e-06	1511964919.8883207	
29695.0	0.00196182250977	-1.27258300781e-06	1511964920.3884978	
29695.0	0.00196182250977	-1.27258300781e-06	1511964920.8883295	
29822.0	0.00196182250977	-1.27258300781e-06	1511964921.3884695	
29822.0	0.00196182250977	-1.27258300781e-06	1511964921.8883317	
29948.0	0.00196182250977	-1.27258300781e-06	1511964922.3883343	
29948.0	0.00192504882812	-1.64794921875e-06	1511964922.8883438	
29948.0	0.00192504882812	-1.64794921875e-06	1511964923.3883288	
30075.0	0.00192504882812	-1.64794921875e-06	1511964923.8883262	
30075.0	0.00192504882812	-1.64794921875e-06	1511964924.3885725	
30202.0	0.00192504882812	-1.64794921875e-06	1511964924.8883266	
30202.0	0.00192504882812	-1.64794921875e-06	1511964925.3886237	
30328.0	0.00192504882812	-1.64794921875e-06	1511964925.8883302	
30328.0	0.00192504882812	-1.64794921875e-06	1511964926.3883827	
30455.0	0.00192504882812	-1.64794921875e-06	1511964926.8883233	
30455.0	0.00192504882812	-1.64794921875e-06	1511964927.3884456	
30582.0	0.00192504882812	-1.64794921875e-06	1511964927.8883297	
30582.0	0.00192504882812	-1.64794921875e-06	1511964928.3885584	
30582.0	0.00192504882812	-1.64794921875e-06	1511964928.8883178	
30709.0	0.00197463989258	-1.67083740234e-06	1511964929.3884807	
30709.0	0.00197463989258	-1.67083740234e-06	1511964929.888309	
30835.0	0.00197463989258	-1.67083740234e-06	1511964930.3883235	
30835.0	0.00197463989258	-1.67083740234e-06	1511964930.8883178	
30962.0	0.00197463989258	-1.67083740234e-06	1511964931.388553	
30962.0	0.00197463989258	-1.67083740234e-06	1511964931.8883243	
31089.0	0.00197463989258	-1.67083740234e-06	1511964932.3884995	
31089.0	0.00197463989258	-1.67083740234e-06	1511964932.888316	
31215.0	0.00197463989258	-1.67083740234e-06	1511964933.3883271	
31215.0	0.00197463989258	-1.67083740234e-06	1511964933.8883302	
31215.0	0.00197463989258	-1.67083740234e-06	1511964934.3885612	
31342.0	0.00197463989258	-1.67083740234e-06	1511964934.8883243	
31342.0	0.00197463989258	-1.67083740234e-06	1511964935.388493	
31469.0	0.0019189453125	-1.75704956055e-06	1511964935.8883271	
31469.0	0.0019189453125	-1.75704956055e-06	1511964936.3883352	
31595.0	0.0019189453125	-1.75704956055e-06	1511964936.8883092	
31595.0	0.0019189453125	-1.75704956055e-06	1511964937.3884287	
31849.0	0.0019189453125	-1.75704956055e-06	1511964937.888325	
31849.0	0.0019189453125	-1.75704956055e-06	1511964938.388322	
31975.0	0.0019189453125	-1.75704956055e-06	1511964938.8883228	
31975.0	0.0019189453125	-1.75704956055e-06	1511964939.3883321	
31975.0	0.0019189453125	-1.75704956055e-06	1511964939.8883371	
32102.0	0.0019189453125	-1.75704956055e-06	1511964940.3886087	
32102.0	0.0019189453125	-1.75704956055e-06	1511964940.8882902	
32229.0	0.0019189453125	-1.75704956055e-06	1511964941.3883731	
32229.0	0.0019189453125	-1.75704956055e-06	1511964941.8883212	
32356.0	0.0019775390625	-1.85699462891e-06	1511964942.3883977	
32356.0	0.0019775390625	-1.85699462891e-06	1511964942.8883355	
32482.0	0.0019775390625	-1.85699462891e-06	1511964943.3883326	
32482.0	0.0019775390625	-1.85699462891e-06	1511964943.888337	
32609.0	0.0019775390625	-1.85699462891e-06	1511964944.3883202	
32609.0	0.0019775390625	-1.85699462891e-06	1511964944.8883314	
32609.0	0.0019775390625	-1.85699462891e-06	1511964945.3885639	
32736.0	0.0019775390625	-1.85699462891e-06	1511964945.8883324	
32736.0	0.0019775390625	-1.85699462891e-06	1511964946.3883326	
-32674.0	0.0019775390625	-1.85699462891e-06	1511964946.8883135	
-32674.0	0.0019775390625	-1.85699462891e-06	1511964947.3885794	
-32547.0	0.0019775390625	-1.85699462891e-06	1511964947.8883123	
-32547.0	0.0019775390625	-1.85699462891e-06	1511964948.3883393	
-32420.0	0.00197708129883	-1.78680419922e-06	1511964948.8883147	
-32420.0	0.00197708129883	-1.78680419922e-06	1511964949.3883722	
-32294.0	0.00197708129883	-1.78680419922e-06	1511964949.888322	
-32294.0	0.00197708129883	-1.78680419922e-06	1511964950.388343	
-32294.0	0.00197708129883	-1.78680419922e-06	1511964950.8883383	
-32167.0	0.00197708129883	-1.78680419922e-06	1511964951.3885021	
-32167.0	0.00197708129883	-1.78680419922e-06	1511964951.8883352	
-32040.0	0.00197708129883	-1.78680419922e-06	1511964952.3883374	
-32040.0	0.00197708129883	-1.78680419922e-06	1511964952.8882697	
-31914.0	0.00197708129883	-1.78680419922e-06	1511964953.388324	
-31914.0	0.00197708129883	-1.78680419922e-06	1511964953.8883214	
-31787.0	0.00197708129883	-1.78680419922e-06	1511964954.388503	
-31787.0	0.00197708129883	-1.78680419922e-06	1511964954.888321	
-31660.0	0.00199157714844	-2.56958007812e-06	1511964955.3883197	
-31660.0	0.00199157714844	-2.56958007812e-06	1511964955.888339	
-31660.0	0.00199157714844	-2.56958007812e-06	1511964956.3883388	
-31533.0	0.00199157714844	-2.56958007812e-06	1511964956.8883286	
-31533.0	0.00199157714844	-2.56958007812e-06	1511964957.3883338	
-31407.0	0.00199157714844	-2.56958007812e-06	1511964957.888309	
-31407.0	0.00199157714844	-2.56958007812e-06	1511964958.388333	
-31280.0	0.00199157714844	-2.56958007812e-06	1511964958.8883214	
-31280.0	0.00199157714844	-2.56958007812e-06	1511964959.3883402	
-31153.0	0.00199157714844	-2.56958007812e-06	1511964959.88832	
-31153.0	0.00199157714844	-2.56958007812e-06	1511964960.3883266	
-31027.0	0.00199157714844	-2.56958007812e-06	1511964960.8883312	
-31027.0	0.00199157714844	-2.56958007812e-06	1511964961.3888798	
-31027.0	0.00202438354492	-2.32772827148e-06	1511964961.8883264	
-30900.0	0.00202438354492	-2.32772827148e-06	1511964962.3886104	
-30900.0	0.00202438354492	-2.32772827148e-06	1511964962.8883295	
-30773.0	0.00202438354492	-2.32772827148e-06	1511964963.3887043	
-30773.0	0.00202438354492	-2.32772827148e-06	1511964963.888325	
-30647.0	0.00202438354492	-2.32772827148e-06	1511964964.3885527	
-30647.0	0.00202438354492	-2.32772827148e-06	1511964964.888327	
-30520.0	0.00202438354492	-2.32772827148e-06	1511964965.388556	
-30520.0	0.00202438354492	-2.32772827148e-06	1511964965.888327	
-30393.0	0.00202438354492	-2.32772827148e-06	1511964966.3883324	
-30393.0	0.00202438354492	-2.32772827148e-06	1511964966.8883371	
-30393.0	0.00202438354492	-2.32772827148e-06	1511964967.3885915	
-30267.0	0.00202438354492	-2.32772827148e-06	1511964967.8883145	
-30267.0	0.00196868896484	-2.83432006836e-06	1511964968.3883226	
-30013.0	0.00196868896484	-2.83432006836e-06	1511964968.8883395	
-30013.0	0.00196868896484	-2.83432006836e-06	1511964969.3883352	
-29887.0	0.00196868896484	-2.83432006836e-06	1511964969.8883288	
-29887.0	0.00196868896484	-2.83432006836e-06	1511964970.38834	
-29760.0	0.00196868896484	-2.83432006836e-06	1511964970.8883214	
-29760.0	0.00196868896484	-2.83432006836e-06	1511964971.3883328	
-29633.0	0.00196868896484	-2.83432006836e-06	1511964971.8883157	
-29633.0	0.00196868896484	-2.83432006836e-06	1511964972.3883235	
-29633.0	0.00196868896484	-2.83432006836e-06	1511964972.8883157	
-29506.0	0.00196868896484	-2.83432006836e-06	1511964973.3887382	
-29506.0	0.00196868896484	-2.83432006836e-06	1511964973.888322	
-29380.0	0.00196868896484	-2.83432006836e-06	1511964974.388327	
-29380.0	0.00200607299805	-2.64205932617e-06	1511964974.8883178	
-29253.0	0.00200607299805	-2.64205932617e-06	1511964975.388355	
-29253.0	0.00200607299805	-2.64205932617e-06	1511964975.8883128	
-29126.0	0.00200607299805	-2.64205932617e-06	1511964976.3883271	
-29126.0	0.00200607299805	-2.64205932617e-06	1511964976.8883119	
-29000.0	0.00200607299805	-2.64205932617e-06	1511964977.388324	
-29000.0	0.00200607299805	-2.64205932617e-06	1511964977.8883166	
-29000.0	0.00200607299805	-2.64205932617e-06	1511964978.3886285	
-28873.0	0.00200607299805	-2.64205932617e-06	1511964978.8883293	
-28873.0	0.00200607299805	-2.64205932617e-06	1511964979.3883345	
-28746.0	0.00200607299805	-2.64205932617e-06	1511964979.8883116	
-28746.0	0.00200607299805	-2.64205932617e-06	1511964980.3883293	
-28620.0	0.00200607299805	-2.64205932617e-06	1511964980.8883212	
-28620.0	0.00202255249023	-3.72695922852e-06	1511964981.3885388	
-28493.0	0.00202255249023	-3.72695922852e-06	1511964981.8883357	
-28493.0	0.00202255249023	-3.72695922852e-06	1511964982.3886235	
-28366.0	0.00202255249023	-3.72695922852e-06	1511964982.8883283	
-28366.0	0.00202255249023	-3.72695922852e-06	1511964983.3883288	
-28366.0	0.00202255249023	-3.72695922852e-06	1511964983.8883364	
-28240.0	0.00202255249023	-3.72695922852e-06	1511964984.3886883	
-28240.0	0.00202255249023	-3.72695922852e-06	1511964984.888316	
-28113.0	0.00202255249023	-3.72695922852e-06	1511964985.3885016	
-28113.0	0.00202255249023	-3.72695922852e-06	1511964985.888328	
-27986.0	0.00202255249023	-3.72695922852e-06	1511964986.3884335	
-27986.0	0.00202255249023	-3.72695922852e-06	1511964986.888297	
-27859.0	0.00202255249023	-3.72695922852e-06	1511964987.388405	
-27859.0	0.00195388793945	-3.63159179688e-06	1511964987.8883402	
-27733.0	0.00195388793945	-3.63159179688e-06	1511964988.38841	
-27733.0	0.00195388793945	-3.63159179688e-06	1511964988.8883138	
-27733.0	0.00195388793945	-3.63159179688e-06	1511964989.3883395	
-27606.0	0.00195388793945	-3.63159179688e-06	1511964989.8883276	
-27606.0	0.00195388793945	-3.63159179688e-06	1511964990.388377	
-27479.0	0.00195388793945	-3.63159179688e-06	1511964990.8883107	
-27479.0	0.00195388793945	-3.63159179688e-06	1511964991.38833	
-27353.0	0.00195388793945	-3.63159179688e-06	1511964991.8883173	
-27353.0	0.00195388793945	-3.63159179688e-06	1511964992.388342	
-27226.0	0.00195388793945	-3.63159179688e-06	1511964992.8883243	
-27226.0	0.00195388793945	-3.63159179688e-06	1511964993.388334	
-27099.0	0.00195388793945	-3.63159179688e-06	1511964993.8883238	
-27099.0	0.00200912475586	-3.52401733398e-06	1511964994.388317	
-27099.0	0.00200912475586	-3.52401733398e-06	1511964994.888317	
-26973.0	0.00200912475586	-3.52401733398e-06	1511964995.3883266	
-26973.0	0.00200912475586	-3.52401733398e-06	1511964995.8883128	
-26846.0	0.00200912475586	-3.52401733398e-06	1511964996.3887916	
-26846.0	0.00200912475586	-3.52401733398e-06	1511964996.8883367	
-26719.0	0.00200912475586	-3.52401733398e-06	1511964997.3883326	
-26719.0	0.00200912475586	-3.52401733398e-06	1511964997.8883343	
-26592.0	0.00200912475586	-3.52401733398e-06	1511964998.388325	

#$Filter:none
#$	0	1	 1
#$	1	op06	0.251188643150958
#$	2	op09*op09	0.015848931924611138
#$	3	op18*op18*op18	3.9810717055349725e-06
#$	4	ns12	1e-7
#$	5	0	 1e-22
#$POWER:19.8, mW
#$WAVELENGTH:1064,nm
#$OBJECT:PVDF40, bscat
position	ref	signal	Time
-26408.0	0.00174392700195	-1.51100158691e-05	1511965055.7179475	
-25628.0	0.00174392700195	-1.51100158691e-05	1511965062.2472603	
-25327.0	0.00174392700195	-1.51100158691e-05	1511965064.6586492	
-25327.0	0.00174392700195	-1.51100158691e-05	1511965066.6155124	
-24720.0	0.00174392700195	-1.51100158691e-05	1511965068.8954763	
-24720.0	0.00174392700195	-1.51100158691e-05	1511965070.8052292	
-24268.0	0.00174392700195	-1.51100158691e-05	1511965073.3161244	
-24268.0	0.00174392700195	-1.51100158691e-05	1511965075.4069886	
-23669.0	0.00174392700195	-1.51100158691e-05	1511965077.7110252	
-23669.0	0.00174392700195	-1.51100158691e-05	1511965079.5466213	
-23215.0	0.00174392700195	-1.51100158691e-05	1511965081.8100252	
-23215.0	0.00174392700195	-1.51100158691e-05	1511965083.6935267	
-22762.0	0.00174392700195	-1.51100158691e-05	1511965086.0890026	
-22762.0	0.00174392700195	-1.51100158691e-05	1511965087.953152	
-22152.0	0.00174392700195	-1.51100158691e-05	1511965090.4432185	
-22152.0	0.00174392700195	-1.51100158691e-05	1511965092.4038239	
-21696.0	0.00174392700195	-1.51100158691e-05	1511965094.7318168	
-21696.0	0.00174392700195	-1.51100158691e-05	1511965096.7180388	
-21252.0	0.00174392700195	-1.51100158691e-05	1511965099.14774	
-21252.0	0.00174392700195	-1.51100158691e-05	1511965101.1437263	
-20651.0	0.00174392700195	-1.51100158691e-05	1511965103.713564	

#$Filter:none
#$	0	1	 1
#$	1	op06	0.251188643150958
#$	2	op09*op09	0.015848931924611138
#$	3	op18*op18*op18	3.9810717055349725e-06
#$	4	ns12	1e-7
#$	5	0	 1e-22
#$POWER:19.8, mW
#$WAVELENGTH:1064,nm
#$OBJECT:PVDF40, bscat
position	ref	signal	Time
-20231.0	0.00206283569336	-4.30221557617e-05	1511965151.400344	
-20231.0	0.00206283569336	-4.30221557617e-05	1511965151.9003518	
-20165.0	0.00206283569336	-4.30221557617e-05	1511965152.4003484	
-20165.0	0.00206283569336	-4.30221557617e-05	1511965152.900351	
-20038.0	0.00208282470703	-4.71038818359e-05	1511965153.4004173	
-20038.0	0.00208282470703	-4.71038818359e-05	1511965153.900515	
-19912.0	0.00208282470703	-4.71038818359e-05	1511965154.4003816	
-19912.0	0.00208282470703	-4.71038818359e-05	1511965154.9005864	
-19912.0	0.00208282470703	-4.71038818359e-05	1511965155.4003527	
-19785.0	0.00208282470703	-4.71038818359e-05	1511965155.9004757	
-19785.0	0.00208282470703	-4.71038818359e-05	1511965156.4005659	
-19658.0	0.00208282470703	-4.71038818359e-05	1511965156.9005132	
-19658.0	0.00208282470703	-4.71038818359e-05	1511965157.4004297	
-19531.0	0.00208282470703	-4.71038818359e-05	1511965157.900347	
-19531.0	0.00208282470703	-4.71038818359e-05	1511965158.4004023	
-19405.0	0.00208282470703	-4.71038818359e-05	1511965158.900339	
-19405.0	0.00208282470703	-4.71038818359e-05	1511965159.4004345	
-19278.0	0.00202331542969	-5.77163696289e-05	1511965159.900339	
-19278.0	0.00202331542969	-5.77163696289e-05	1511965160.400415	
-19278.0	0.00202331542969	-5.77163696289e-05	1511965160.9005797	
-19151.0	0.00202331542969	-5.77163696289e-05	1511965161.400385	
-19151.0	0.00202331542969	-5.77163696289e-05	1511965161.9008749	
-19025.0	0.00202331542969	-5.77163696289e-05	1511965162.4004562	
-19025.0	0.00202331542969	-5.77163696289e-05	1511965162.900704	
-18898.0	0.00202331542969	-5.77163696289e-05	1511965163.400387	
-18898.0	0.00202331542969	-5.77163696289e-05	1511965163.900368	
-18771.0	0.00202331542969	-5.77163696289e-05	1511965164.400334	
-18771.0	0.00202331542969	-5.77163696289e-05	1511965164.9003537	
-18645.0	0.00202331542969	-5.77163696289e-05	1511965165.400365	
-18645.0	0.00202331542969	-5.77163696289e-05	1511965165.900362	
-18645.0	0.00203948974609	-7.61184692383e-05	1511965166.4003482	

#$Filter:none
#$	0	1	 1
#$	1	op06	0.251188643150958
#$	2	op09*op09	0.015848931924611138
#$	3	op18*op18*op18	3.9810717055349725e-06
#$	4	ns12	1e-7
#$	5	0	 1e-22
#$POWER:19.8, mW
#$WAVELENGTH:1064,nm
#$OBJECT:PVDF40, bscat
position	ref	signal	Time
-18356.0	0.0019596862793	-0.000227661132812	1511965183.9887395	
-18356.0	0.0019596862793	-0.000227661132812	1511965184.4887426	
-18356.0	0.0019596862793	-0.000227661132812	1511965184.98875	
-18237.0	0.00205459594727	-0.000150451660156	1511965185.4887326	
-18237.0	0.00205459594727	-0.000150451660156	1511965185.9889853	
-18110.0	0.00205459594727	-0.000150451660156	1511965186.489076	
-18110.0	0.00205459594727	-0.000150451660156	1511965186.9889286	
-17984.0	0.00205459594727	-0.000150451660156	1511965187.4889014	
-17984.0	0.00205459594727	-0.000150451660156	1511965187.9887598	
-17857.0	0.00205459594727	-0.000150451660156	1511965188.4887426	
-17857.0	0.00205459594727	-0.000150451660156	1511965188.98871	
-17857.0	0.00205459594727	-0.000150451660156	1511965189.4887524	
-17730.0	0.00205459594727	-0.000150451660156	1511965189.9887545	
-17730.0	0.00205459594727	-0.000150451660156	1511965190.4887576	
-17604.0	0.00205459594727	-0.000150451660156	1511965190.9887462	
-17604.0	0.00205459594727	-0.000150451660156	1511965191.4887552	
-17477.0	0.00202087402344	-0.000149154663086	1511965191.9886975	
-17477.0	0.00202087402344	-0.000149154663086	1511965192.4887457	
-17350.0	0.00202087402344	-0.000149154663086	1511965192.9887185	
-17350.0	0.00202087402344	-0.000149154663086	1511965193.4887526	
-17223.0	0.00202087402344	-0.000149154663086	1511965193.9887495	
-17223.0	0.00202087402344	-0.000149154663086	1511965194.488749	
-17223.0	0.00202087402344	-0.000149154663086	1511965194.9889433	
-17097.0	0.00202087402344	-0.000149154663086	1511965195.4887369	
-17097.0	0.00202087402344	-0.000149154663086	1511965195.9887571	
-16970.0	0.00202087402344	-0.000149154663086	1511965196.4887547	
-16970.0	0.00202087402344	-0.000149154663086	1511965196.989215	
-16843.0	0.00202087402344	-0.000149154663086	1511965197.4889603	
-16843.0	0.00202087402344	-0.000149154663086	1511965197.989226	
-16717.0	0.0020100402832	-0.000133323669434	1511965198.4887004	
-16717.0	0.0020100402832	-0.000133323669434	1511965198.9889565	
-16590.0	0.0020100402832	-0.000133323669434	1511965199.4887435	
-16590.0	0.0020100402832	-0.000133323669434	1511965199.9890785	
-16590.0	0.0020100402832	-0.000133323669434	1511965200.4887705	
-16463.0	0.0020100402832	-0.000133323669434	1511965200.9887471	
-16463.0	0.0020100402832	-0.000133323669434	1511965201.4887614	
-16210.0	0.0020100402832	-0.000133323669434	1511965201.988758	
-16210.0	0.0020100402832	-0.000133323669434	1511965202.4887574	
-16083.0	0.0020100402832	-0.000133323669434	1511965202.989218	
-16083.0	0.0020100402832	-0.000133323669434	1511965203.4887595	
-15956.0	0.0020100402832	-0.000133323669434	1511965203.9887521	
-15956.0	0.0020100402832	-0.000133323669434	1511965204.488758	
-15829.0	0.00200744628906	-0.000188598632812	1511965204.9887176	
-15829.0	0.00200744628906	-0.000188598632812	1511965205.4887314	
-15829.0	0.00200744628906	-0.000188598632812	1511965205.988751	
-15703.0	0.00200744628906	-0.000188598632812	1511965206.4887471	
-15703.0	0.00200744628906	-0.000188598632812	1511965206.9888856	
-15576.0	0.00200744628906	-0.000188598632812	1511965207.4887457	
-15576.0	0.00200744628906	-0.000188598632812	1511965207.9892232	
-15449.0	0.00200744628906	-0.000188598632812	1511965208.488808	
-15449.0	0.00200744628906	-0.000188598632812	1511965208.9887662	
-15323.0	0.00200744628906	-0.000188598632812	1511965209.4889812	
-15323.0	0.00200744628906	-0.000188598632812	1511965209.9887888	
-15196.0	0.00200744628906	-0.000188598632812	1511965210.4889123	
-15196.0	0.00200744628906	-0.000188598632812	1511965210.989274	
-15196.0	0.00199737548828	-0.000145721435547	1511965211.488697	
-15069.0	0.00199737548828	-0.000145721435547	1511965211.989107	
-15069.0	0.00199737548828	-0.000145721435547	1511965212.4887571	
-14943.0	0.00199737548828	-0.000145721435547	1511965212.9891503	
-14943.0	0.00199737548828	-0.000145721435547	1511965213.4887607	
-14816.0	0.00199737548828	-0.000145721435547	1511965213.988989	
-14816.0	0.00199737548828	-0.000145721435547	1511965214.4887674	
-14689.0	0.00199737548828	-0.000145721435547	1511965214.9887455	
-14689.0	0.00199737548828	-0.000145721435547	1511965215.4887643	
-14562.0	0.00199737548828	-0.000145721435547	1511965215.98875	
-14562.0	0.00199737548828	-0.000145721435547	1511965216.48873	
-14562.0	0.00199737548828	-0.000145721435547	1511965216.9887593	
-14436.0	0.00199737548828	-0.000145721435547	1511965217.4887419	
-14436.0	0.00197067260742	-0.000242691040039	1511965217.988742	
-14309.0	0.00197067260742	-0.000242691040039	1511965218.488727	
-14309.0	0.00197067260742	-0.000242691040039	1511965218.9887455	
-14182.0	0.00197067260742	-0.000242691040039	1511965219.4890018	
-14182.0	0.00197067260742	-0.000242691040039	1511965219.9893253	
-14055.0	0.00197067260742	-0.000242691040039	1511965220.488892	
-14055.0	0.00197067260742	-0.000242691040039	1511965220.9888194	
-13929.0	0.00197067260742	-0.000242691040039	1511965221.488739	
-13929.0	0.00197067260742	-0.000242691040039	1511965221.98876	
-13929.0	0.00197067260742	-0.000242691040039	1511965222.4887457	
-13802.0	0.00197067260742	-0.000242691040039	1511965222.9888701	
-13802.0	0.00197067260742	-0.000242691040039	1511965223.488749	
-13675.0	0.00197067260742	-0.000242691040039	1511965223.9890811	
-13675.0	0.00189666748047	-0.000131759643555	1511965224.4887202	
-13549.0	0.00189666748047	-0.000131759643555	1511965224.9889498	
-13549.0	0.00189666748047	-0.000131759643555	1511965225.4887598	
-13422.0	0.00189666748047	-0.000131759643555	1511965225.9887538	
-13422.0	0.00189666748047	-0.000131759643555	1511965226.488753	
-13295.0	0.00189666748047	-0.000131759643555	1511965226.9887471	
-13295.0	0.00189666748047	-0.000131759643555	1511965227.4887404	
-13295.0	0.00189666748047	-0.000131759643555	1511965227.994575	
-13169.0	0.00189666748047	-0.000131759643555	1511965228.488742	
-13169.0	0.00189666748047	-0.000131759643555	1511965228.9892583	
-13042.0	0.00189666748047	-0.000131759643555	1511965229.4887476	
-13042.0	0.00189666748047	-0.000131759643555	1511965229.9887578	
-12915.0	0.00189666748047	-0.000131759643555	1511965230.488746	
-12915.0	0.00189666748047	-0.000131759643555	1511965230.9887578	
-12788.0	0.00192749023438	-6.81304931641e-05	1511965231.4889581	
-12788.0	0.00192749023438	-6.81304931641e-05	1511965231.9893332	
-12662.0	0.00192749023438	-6.81304931641e-05	1511965232.4888697	
-12662.0	0.00192749023438	-6.81304931641e-05	1511965232.988989	
-12662.0	0.00192749023438	-6.81304931641e-05	1511965233.4887521	
-12408.0	0.00192749023438	-6.81304931641e-05	1511965233.9887547	
-12408.0	0.00192749023438	-6.81304931641e-05	1511965234.4887629	
-12281.0	0.00192749023438	-6.81304931641e-05	1511965234.9892328	
-12281.0	0.00192749023438	-6.81304931641e-05	1511965235.4887612	
-12154.0	0.00192749023438	-6.81304931641e-05	1511965235.9891014	
-12154.0	0.00192749023438	-6.81304931641e-05	1511965236.4887586	
-12028.0	0.00192749023438	-6.81304931641e-05	1511965236.9887452	
-12028.0	0.00192749023438	-6.81304931641e-05	1511965237.488762	
-11901.0	0.00200012207031	-1.39236450195e-05	1511965237.9887507	
-11901.0	0.00200012207031	-1.39236450195e-05	1511965238.488737	

#$Filter:none
#$	0	1	 1
#$	1	op06	0.251188643150958
#$	2	op09*op09	0.015848931924611138
#$	3	op18*op18*op18	3.9810717055349725e-06
#$	4	ns12	1e-7
#$	5	0	 1e-22
#$POWER:19.8, mW
#$WAVELENGTH:1064,nm
#$OBJECT:PVDF40, bscat
position	ref	signal	Time
-11761.0	0.00192337036133	-4.79507446289e-06	1511965281.1759663	
-11432.0	0.00192337036133	-4.79507446289e-06	1511965283.716654	
-11132.0	0.00192337036133	-4.79507446289e-06	1511965286.303676	
-10834.0	0.00192337036133	-4.79507446289e-06	1511965288.80147	
-10834.0	0.00192337036133	-4.79507446289e-06	1511965290.8264303	
-10234.0	0.00192337036133	-4.79507446289e-06	1511965293.3239417	
-10234.0	0.00192337036133	-4.79507446289e-06	1511965295.063789	
-9787.0	0.00192337036133	-4.79507446289e-06	1511965297.4995894	
-9787.0	0.00192337036133	-4.79507446289e-06	1511965299.533304	
-9186.0	0.00192337036133	-4.79507446289e-06	1511965301.7224197	
-9186.0	0.00192337036133	-4.79507446289e-06	1511965303.5735812	
-8724.0	0.00192337036133	-4.79507446289e-06	1511965305.8682296	
-8724.0	0.00192337036133	-4.79507446289e-06	1511965307.6891189	
-8263.0	0.00192337036133	-4.79507446289e-06	1511965310.134317	
-8263.0	0.00192337036133	-4.79507446289e-06	1511965312.1239514	

#$Filter:none
#$	0	1	 1
#$	1	op06	0.251188643150958
#$	2	op09*op09	0.015848931924611138
#$	3	op18*op18*op18	3.9810717055349725e-06
#$	4	ns12	1e-7
#$	5	0	 1e-22
#$POWER:19.8, mW
#$WAVELENGTH:1064,nm
#$OBJECT:PVDF40, bscat
position	ref	signal	Time
-7622.0	0.00207748413086	-1.01280212402e-05	1511965332.5727367	
-7576.0	0.00207748413086	-1.01280212402e-05	1511965333.072729	
-7576.0	0.00207748413086	-1.01280212402e-05	1511965333.5728858	
-7450.0	0.00207748413086	-1.01280212402e-05	1511965334.0727408	
-7450.0	0.00207748413086	-1.01280212402e-05	1511965334.5727427	
-7323.0	0.00207748413086	-1.01280212402e-05	1511965335.0728915	
-7323.0	0.00207748413086	-1.01280212402e-05	1511965335.5727441	
-7196.0	0.00202346801758	-1.04522705078e-05	1511965336.0727348	
-7196.0	0.00202346801758	-1.04522705078e-05	1511965336.5727365	
-7070.0	0.00202346801758	-1.04522705078e-05	1511965337.0727365	
-7070.0	0.00202346801758	-1.04522705078e-05	1511965337.5728877	
-7070.0	0.00202346801758	-1.04522705078e-05	1511965338.0727494	
-6943.0	0.00202346801758	-1.04522705078e-05	1511965338.5727227	
-6943.0	0.00202346801758	-1.04522705078e-05	1511965339.0727613	
-6816.0	0.00202346801758	-1.04522705078e-05	1511965339.5727866	
-6816.0	0.00202346801758	-1.04522705078e-05	1511965340.0730608	
-6690.0	0.00202346801758	-1.04522705078e-05	1511965340.572728	
-6690.0	0.00202346801758	-1.04522705078e-05	1511965341.0727394	
-6563.0	0.00202346801758	-1.04522705078e-05	1511965341.5727265	
-6563.0	0.00202346801758	-1.04522705078e-05	1511965342.073081	
-6436.0	0.0019775390625	-1.61056518555e-05	1511965342.5726862	
-6436.0	0.0019775390625	-1.61056518555e-05	1511965343.0732245	
-6436.0	0.0019775390625	-1.61056518555e-05	1511965343.5728452	
-6310.0	0.0019775390625	-1.61056518555e-05	1511965344.0727437	
-6310.0	0.0019775390625	-1.61056518555e-05	1511965344.572746	
-6183.0	0.0019775390625	-1.61056518555e-05	1511965345.0727446	
-6183.0	0.0019775390625	-1.61056518555e-05	1511965345.572737	
-6056.0	0.0019775390625	-1.61056518555e-05	1511965346.072737	
-6056.0	0.0019775390625	-1.61056518555e-05	1511965346.5727248	
-5930.0	0.0019775390625	-1.61056518555e-05	1511965347.072746	
-5930.0	0.0019775390625	-1.61056518555e-05	1511965347.572737	
-5803.0	0.0019775390625	-1.61056518555e-05	1511965348.0727332	

#$Filter:none
#$	0	1	 1
#$	1	op06	0.251188643150958
#$	2	op09*op09	0.015848931924611138
#$	3	op18*op18*op18	3.9810717055349725e-06
#$	4	ns12	1e-7
#$	5	0	 1e-22
#$POWER:19.8, mW
#$WAVELENGTH:1064,nm
#$OBJECT:PVDF40, bscat
position	ref	signal	Time
-5685.0	0.00190673828125	-4.75769042969e-05	1511965402.0673814	
-5352.0	0.00190673828125	-4.75769042969e-05	1511965404.5351439	
-5352.0	0.00190673828125	-4.75769042969e-05	1511965406.5564651	
-4895.0	0.00190673828125	-4.75769042969e-05	1511965408.9281344	
-4895.0	0.00190673828125	-4.75769042969e-05	1511965410.8761754	
-4289.0	0.00190673828125	-4.75769042969e-05	1511965413.139766	
-4289.0	0.00190673828125	-4.75769042969e-05	1511965415.008798	
-3825.0	0.00190673828125	-4.75769042969e-05	1511965417.5799708	
-3825.0	0.00190673828125	-4.75769042969e-05	1511965419.411717	
-3376.0	0.00190673828125	-4.75769042969e-05	1511965421.7754982	
-3376.0	0.00190673828125	-4.75769042969e-05	1511965423.6043694	
-2766.0	0.00190673828125	-4.75769042969e-05	1511965425.857406	
-2766.0	0.00190673828125	-4.75769042969e-05	1511965427.7579274	
